aid	scene_pred	scene_label	airport	bus	metro	metro_station	park	public_square	shopping_mall	street_pedestrian	street_traffic	tram
airport-lisbon-1175-44106	airport	airport	0.897	0.000	0.001	0.054	0.000	0.008	0.010	0.027	0.000	0.003
airport-lisbon-1175-44186	airport	airport	0.714	0.000	0.001	0.278	0.000	0.000	0.004	0.002	0.000	0.001
airport-lisbon-1175-44210	airport	airport	0.383	0.196	0.027	0.027	0.002	0.001	0.307	0.012	0.001	0.045
airport-lisbon-1175-44233	airport	airport	0.298	0.190	0.078	0.041	0.003	0.001	0.293	0.013	0.001	0.081
airport-lisbon-1175-44296	bus	airport	0.208	0.326	0.081	0.040	0.004	0.001	0.223	0.015	0.002	0.100
airport-lisbon-1175-44606	airport	airport	0.455	0.164	0.033	0.030	0.002	0.001	0.246	0.019	0.001	0.048
airport-lisbon-1175-44669	bus	airport	0.138	0.615	0.038	0.028	0.002	0.000	0.089	0.001	0.001	0.088
airport-lisbon-1175-44691	airport	airport	0.861	0.000	0.001	0.110	0.000	0.004	0.009	0.013	0.000	0.002
airport-lisbon-1175-44700	bus	airport	0.084	0.691	0.027	0.011	0.001	0.000	0.024	0.002	0.000	0.159
airport-lisbon-1175-44702	airport	airport	0.970	0.000	0.000	0.012	0.000	0.001	0.007	0.009	0.000	0.001
airport-lisbon-1175-44703	airport	airport	0.368	0.210	0.029	0.046	0.001	0.001	0.252	0.005	0.000	0.088
airport-lisbon-1175-44708	airport	airport	0.974	0.000	0.000	0.016	0.000	0.001	0.005	0.003	0.000	0.001
airport-lisbon-1175-44791	shopping_mall	airport	0.258	0.225	0.063	0.022	0.002	0.002	0.297	0.031	0.001	0.099
airport-lisbon-1175-44813	bus	airport	0.018	0.930	0.009	0.004	0.001	0.000	0.013	0.000	0.001	0.024
airport-lisbon-1175-44864	bus	airport	0.198	0.406	0.080	0.030	0.002	0.001	0.186	0.012	0.001	0.083
airport-lisbon-1175-44916	airport	airport	0.679	0.000	0.001	0.314	0.000	0.000	0.003	0.001	0.000	0.001
airport-lisbon-1175-44918	airport	airport	0.956	0.000	0.000	0.023	0.000	0.002	0.007	0.010	0.000	0.001
airport-lisbon-1175-45070	airport	airport	0.665	0.000	0.001	0.328	0.000	0.000	0.003	0.002	0.000	0.001
airport-lisbon-1175-45108	airport	airport	0.759	0.000	0.001	0.236	0.000	0.000	0.002	0.001	0.000	0.001
airport-lisbon-1175-45126	airport	airport	0.872	0.000	0.001	0.100	0.000	0.004	0.010	0.010	0.000	0.002
airport-lisbon-1175-45127	airport	airport	0.680	0.000	0.002	0.311	0.000	0.000	0.004	0.003	0.000	0.001
airport-lisbon-1175-45213	airport	airport	0.642	0.000	0.007	0.337	0.001	0.000	0.007	0.002	0.000	0.004
airport-lisbon-1175-45300	airport	airport	0.970	0.000	0.000	0.008	0.000	0.002	0.007	0.012	0.000	0.001
airport-lisbon-1175-45340	airport	airport	0.839	0.000	0.001	0.110	0.000	0.004	0.009	0.033	0.000	0.003
airport-lisbon-1175-45350	airport	airport	0.516	0.000	0.002	0.472	0.000	0.000	0.005	0.003	0.000	0.002
airport-lisbon-1175-45351	airport	airport	0.703	0.000	0.001	0.290	0.000	0.000	0.002	0.002	0.000	0.001
airport-lisbon-1175-45357	airport	airport	0.853	0.000	0.001	0.117	0.000	0.003	0.006	0.017	0.000	0.002
airport-lisbon-1175-45362	airport	airport	0.739	0.000	0.003	0.248	0.001	0.000	0.004	0.004	0.000	0.001
airport-lisbon-1175-45450	metro_station	airport	0.479	0.000	0.002	0.513	0.000	0.000	0.003	0.002	0.000	0.001
airport-lisbon-1175-45451	airport	airport	0.851	0.000	0.001	0.105	0.000	0.004	0.006	0.030	0.000	0.003
airport-lisbon-1175-45539	airport	airport	0.975	0.000	0.000	0.005	0.000	0.001	0.004	0.014	0.000	0.001
airport-lisbon-1175-45585	airport	airport	0.359	0.183	0.033	0.020	0.002	0.001	0.328	0.013	0.001	0.061
airport-lisbon-1175-45593	airport	airport	0.848	0.000	0.002	0.092	0.001	0.005	0.009	0.037	0.000	0.005
airport-lisbon-1175-45692	airport	airport	0.894	0.000	0.001	0.092	0.000	0.002	0.004	0.007	0.000	0.001
airport-lisbon-1175-45707	shopping_mall	airport	0.260	0.171	0.089	0.030	0.003	0.005	0.346	0.035	0.001	0.060
airport-lisbon-1175-45732	bus	airport	0.068	0.636	0.067	0.019	0.001	0.000	0.045	0.002	0.001	0.160
airport-london-205-6178	shopping_mall	airport	0.020	0.001	0.002	0.039	0.000	0.002	0.907	0.022	0.006	0.002
airport-london-205-6179	shopping_mall	airport	0.016	0.004	0.001	0.075	0.000	0.001	0.894	0.006	0.002	0.001
airport-london-205-6180	shopping_mall	airport	0.053	0.000	0.001	0.062	0.000	0.001	0.868	0.012	0.001	0.001
airport-london-205-6183	shopping_mall	airport	0.024	0.000	0.000	0.011	0.000	0.002	0.958	0.004	0.000	0.000
airport-london-205-6184	shopping_mall	airport	0.023	0.000	0.000	0.019	0.000	0.001	0.949	0.007	0.001	0.000
airport-london-205-6186	shopping_mall	airport	0.008	0.002	0.001	0.032	0.000	0.000	0.953	0.003	0.000	0.001
airport-london-205-6189	shopping_mall	airport	0.033	0.001	0.001	0.043	0.000	0.003	0.850	0.065	0.002	0.002
airport-london-205-6190	shopping_mall	airport	0.045	0.000	0.000	0.033	0.000	0.002	0.916	0.004	0.000	0.000
airport-london-205-6191	shopping_mall	airport	0.027	0.000	0.002	0.106	0.000	0.002	0.837	0.019	0.006	0.001
airport-london-205-6192	shopping_mall	airport	0.045	0.000	0.000	0.032	0.000	0.001	0.918	0.003	0.000	0.000
airport-london-205-6193	shopping_mall	airport	0.071	0.000	0.002	0.019	0.000	0.012	0.866	0.027	0.003	0.000
airport-london-205-6194	shopping_mall	airport	0.060	0.000	0.003	0.031	0.001	0.023	0.861	0.017	0.003	0.001
airport-london-205-6195	shopping_mall	airport	0.095	0.000	0.005	0.032	0.001	0.024	0.824	0.016	0.003	0.001
airport-london-205-6197	shopping_mall	airport	0.033	0.000	0.000	0.004	0.000	0.008	0.948	0.008	0.000	0.000
airport-london-205-6199	shopping_mall	airport	0.016	0.003	0.001	0.043	0.000	0.001	0.931	0.005	0.001	0.001
airport-london-205-6200	shopping_mall	airport	0.027	0.000	0.000	0.014	0.000	0.003	0.951	0.004	0.000	0.000
airport-london-205-6202	shopping_mall	airport	0.035	0.008	0.006	0.059	0.001	0.002	0.852	0.021	0.004	0.012
airport-london-205-6203	shopping_mall	airport	0.014	0.005	0.001	0.044	0.000	0.001	0.927	0.005	0.001	0.001
airport-london-205-6204	shopping_mall	airport	0.031	0.001	0.005	0.125	0.001	0.003	0.799	0.020	0.010	0.004
airport-london-205-6206	shopping_mall	airport	0.001	0.001	0.000	0.057	0.000	0.000	0.937	0.002	0.001	0.000
airport-london-205-6207	shopping_mall	airport	0.056	0.005	0.011	0.047	0.002	0.004	0.789	0.071	0.004	0.011
airport-london-205-6209	shopping_mall	airport	0.058	0.001	0.002	0.035	0.001	0.003	0.886	0.012	0.002	0.001
airport-london-205-6210	shopping_mall	airport	0.011	0.004	0.001	0.056	0.000	0.001	0.923	0.004	0.001	0.001
airport-london-205-6211	shopping_mall	airport	0.014	0.002	0.001	0.034	0.000	0.001	0.943	0.005	0.000	0.001
airport-london-205-6212	shopping_mall	airport	0.004	0.003	0.001	0.079	0.000	0.000	0.911	0.001	0.001	0.000
airport-london-205-6213	shopping_mall	airport	0.166	0.000	0.004	0.016	0.002	0.087	0.687	0.035	0.003	0.001
airport-london-205-6214	shopping_mall	airport	0.016	0.000	0.000	0.022	0.000	0.002	0.954	0.004	0.001	0.000
airport-london-205-6215	shopping_mall	airport	0.012	0.000	0.001	0.023	0.000	0.002	0.948	0.013	0.001	0.000
airport-london-205-6216	shopping_mall	airport	0.001	0.002	0.000	0.051	0.000	0.000	0.942	0.002	0.001	0.000
airport-london-205-6217	shopping_mall	airport	0.030	0.000	0.001	0.015	0.000	0.005	0.941	0.007	0.001	0.000
airport-london-205-6219	shopping_mall	airport	0.051	0.001	0.008	0.041	0.001	0.010	0.862	0.016	0.007	0.003
airport-london-205-6220	shopping_mall	airport	0.015	0.003	0.001	0.071	0.000	0.001	0.904	0.004	0.001	0.001
airport-london-205-6222	shopping_mall	airport	0.031	0.000	0.000	0.022	0.000	0.002	0.941	0.003	0.000	0.000
airport-london-205-6223	shopping_mall	airport	0.069	0.000	0.003	0.042	0.001	0.017	0.850	0.013	0.003	0.001
airport-london-205-6224	shopping_mall	airport	0.012	0.000	0.000	0.013	0.000	0.001	0.972	0.002	0.000	0.000
airport-london-205-6225	shopping_mall	airport	0.016	0.000	0.000	0.020	0.000	0.003	0.952	0.006	0.002	0.000
airport-london-205-6226	shopping_mall	airport	0.001	0.001	0.000	0.034	0.000	0.000	0.962	0.001	0.001	0.000
airport-london-205-6227	shopping_mall	airport	0.021	0.000	0.001	0.033	0.000	0.001	0.936	0.007	0.001	0.000
airport-london-205-6228	shopping_mall	airport	0.041	0.003	0.009	0.143	0.001	0.002	0.767	0.022	0.004	0.007
airport-london-205-6229	shopping_mall	airport	0.015	0.000	0.000	0.014	0.000	0.002	0.957	0.009	0.001	0.000
airport-london-205-6230	shopping_mall	airport	0.076	0.000	0.000	0.007	0.000	0.008	0.899	0.009	0.000	0.000
airport-london-205-6231	shopping_mall	airport	0.010	0.000	0.000	0.009	0.000	0.003	0.972	0.004	0.001	0.000
airport-london-205-6232	shopping_mall	airport	0.063	0.001	0.006	0.069	0.001	0.003	0.808	0.043	0.003	0.004
airport-london-205-6233	shopping_mall	airport	0.019	0.000	0.000	0.010	0.000	0.001	0.965	0.005	0.000	0.000
airport-london-205-6234	shopping_mall	airport	0.004	0.002	0.000	0.064	0.000	0.000	0.927	0.002	0.001	0.000
airport-london-205-6235	shopping_mall	airport	0.086	0.000	0.001	0.010	0.001	0.062	0.820	0.017	0.002	0.000
airport-london-205-6236	shopping_mall	airport	0.061	0.001	0.008	0.050	0.001	0.009	0.843	0.010	0.013	0.003
airport-lyon-1169-44100	street_pedestrian	airport	0.175	0.000	0.000	0.001	0.000	0.095	0.039	0.690	0.000	0.000
airport-lyon-1169-44127	shopping_mall	airport	0.221	0.000	0.002	0.352	0.000	0.007	0.396	0.021	0.000	0.001
airport-lyon-1169-44227	street_pedestrian	airport	0.165	0.000	0.000	0.000	0.000	0.042	0.035	0.757	0.000	0.000
airport-lyon-1169-44279	shopping_mall	airport	0.169	0.002	0.005	0.143	0.001	0.016	0.586	0.074	0.002	0.003
airport-lyon-1169-44283	airport	airport	0.722	0.000	0.000	0.004	0.000	0.001	0.231	0.041	0.000	0.000
airport-lyon-1169-44314	shopping_mall	airport	0.254	0.000	0.003	0.225	0.001	0.027	0.419	0.066	0.001	0.002
airport-lyon-1169-44321	shopping_mall	airport	0.197	0.001	0.004	0.279	0.000	0.009	0.477	0.030	0.001	0.002
airport-lyon-1169-44330	street_pedestrian	airport	0.246	0.000	0.000	0.002	0.000	0.019	0.070	0.662	0.000	0.000
airport-lyon-1169-44348	metro_station	airport	0.150	0.001	0.003	0.492	0.000	0.005	0.330	0.016	0.001	0.001
airport-lyon-1169-44351	street_pedestrian	airport	0.127	0.000	0.000	0.002	0.000	0.024	0.071	0.776	0.000	0.000
airport-lyon-1169-44363	metro_station	airport	0.226	0.001	0.005	0.435	0.000	0.007	0.298	0.024	0.001	0.003
airport-lyon-1169-44387	shopping_mall	airport	0.207	0.000	0.002	0.101	0.000	0.008	0.623	0.056	0.000	0.001
airport-lyon-1169-44430	airport	airport	0.758	0.000	0.000	0.002	0.000	0.003	0.204	0.033	0.000	0.000
airport-lyon-1169-44433	airport	airport	0.703	0.000	0.000	0.004	0.000	0.007	0.246	0.040	0.000	0.000
airport-lyon-1169-44434	shopping_mall	airport	0.230	0.000	0.001	0.351	0.000	0.007	0.397	0.014	0.000	0.000
airport-lyon-1169-44446	shopping_mall	airport	0.123	0.001	0.005	0.397	0.000	0.005	0.438	0.025	0.002	0.003
airport-lyon-1169-44486	airport	airport	0.413	0.000	0.000	0.004	0.000	0.033	0.138	0.412	0.000	0.001
airport-lyon-1169-44497	shopping_mall	airport	0.208	0.000	0.001	0.338	0.000	0.006	0.422	0.024	0.000	0.000
airport-lyon-1169-44528	airport	airport	0.867	0.000	0.000	0.001	0.000	0.002	0.111	0.018	0.000	0.000
airport-lyon-1169-44570	street_pedestrian	airport	0.329	0.000	0.000	0.001	0.000	0.034	0.105	0.530	0.000	0.000
airport-lyon-1169-44738	airport	airport	0.783	0.000	0.000	0.002	0.000	0.002	0.177	0.036	0.000	0.000
airport-lyon-1169-44782	metro_station	airport	0.274	0.000	0.001	0.374	0.000	0.007	0.313	0.029	0.001	0.001
airport-lyon-1169-44981	airport	airport	0.834	0.000	0.000	0.003	0.000	0.010	0.103	0.050	0.000	0.000
airport-lyon-1169-45068	airport	airport	0.872	0.000	0.000	0.002	0.000	0.005	0.100	0.021	0.000	0.000
airport-lyon-1169-45129	airport	airport	0.405	0.000	0.001	0.171	0.000	0.011	0.357	0.053	0.000	0.001
airport-lyon-1169-45185	street_pedestrian	airport	0.288	0.000	0.000	0.002	0.000	0.028	0.095	0.586	0.000	0.000
airport-lyon-1169-45263	street_pedestrian	airport	0.195	0.000	0.000	0.001	0.000	0.017	0.068	0.718	0.000	0.000
airport-lyon-1169-45296	airport	airport	0.819	0.000	0.000	0.002	0.000	0.005	0.145	0.030	0.000	0.000
airport-lyon-1169-45396	street_pedestrian	airport	0.156	0.000	0.000	0.002	0.000	0.033	0.069	0.740	0.000	0.000
airport-lyon-1169-45487	airport	airport	0.742	0.000	0.000	0.001	0.000	0.017	0.186	0.054	0.000	0.000
airport-lyon-1169-45498	street_pedestrian	airport	0.294	0.000	0.000	0.001	0.000	0.046	0.100	0.558	0.000	0.000
airport-lyon-1169-45519	airport	airport	0.502	0.000	0.000	0.002	0.000	0.027	0.075	0.394	0.000	0.000
airport-lyon-1169-45560	airport	airport	0.810	0.000	0.000	0.002	0.000	0.005	0.153	0.029	0.000	0.000
airport-lyon-1169-45588	street_pedestrian	airport	0.276	0.000	0.000	0.002	0.000	0.045	0.144	0.532	0.000	0.000
airport-lyon-1169-45628	street_pedestrian	airport	0.266	0.000	0.000	0.002	0.000	0.025	0.131	0.576	0.000	0.000
airport-lyon-1169-45672	airport	airport	0.702	0.000	0.000	0.002	0.000	0.009	0.235	0.052	0.000	0.000
airport-milan-1172-44103	airport	airport	0.739	0.000	0.000	0.001	0.001	0.163	0.019	0.074	0.003	0.000
airport-milan-1172-44126	airport	airport	0.591	0.000	0.000	0.001	0.003	0.210	0.040	0.151	0.003	0.000
airport-milan-1172-44205	shopping_mall	airport	0.029	0.000	0.001	0.052	0.001	0.120	0.692	0.089	0.014	0.001
airport-milan-1172-44215	shopping_mall	airport	0.029	0.000	0.001	0.038	0.001	0.214	0.663	0.046	0.009	0.000
airport-milan-1172-44376	airport	airport	0.553	0.000	0.000	0.001	0.002	0.305	0.030	0.103	0.006	0.000
airport-milan-1172-44409	shopping_mall	airport	0.016	0.001	0.001	0.030	0.001	0.089	0.769	0.074	0.019	0.001
airport-milan-1172-44524	public_square	airport	0.077	0.001	0.001	0.015	0.001	0.363	0.300	0.234	0.007	0.001
airport-milan-1172-44533	shopping_mall	airport	0.064	0.005	0.008	0.083	0.005	0.214	0.320	0.261	0.024	0.016
airport-milan-1172-44567	shopping_mall	airport	0.022	0.000	0.001	0.036	0.001	0.124	0.748	0.050	0.019	0.001
airport-milan-1172-44586	airport	airport	0.592	0.000	0.000	0.003	0.004	0.189	0.026	0.176	0.010	0.000
airport-milan-1172-44624	airport	airport	0.793	0.001	0.001	0.003	0.001	0.082	0.030	0.082	0.005	0.002
airport-milan-1172-44661	airport	airport	0.757	0.000	0.000	0.004	0.001	0.113	0.032	0.085	0.005	0.001
airport-milan-1172-44687	airport	airport	0.768	0.000	0.000	0.002	0.000	0.066	0.053	0.108	0.001	0.001
airport-milan-1172-44762	airport	airport	0.751	0.002	0.002	0.009	0.003	0.063	0.076	0.077	0.014	0.004
airport-milan-1172-44768	airport	airport	0.576	0.000	0.000	0.004	0.002	0.224	0.046	0.132	0.015	0.001
airport-milan-1172-44819	airport	airport	0.506	0.001	0.002	0.007	0.003	0.180	0.048	0.229	0.020	0.005
airport-milan-1172-44887	airport	airport	0.581	0.002	0.001	0.006	0.003	0.178	0.090	0.111	0.026	0.002
airport-milan-1172-44925	shopping_mall	airport	0.019	0.000	0.000	0.008	0.000	0.170	0.663	0.130	0.008	0.000
airport-milan-1172-45028	shopping_mall	airport	0.129	0.001	0.002	0.113	0.001	0.163	0.460	0.116	0.010	0.005
airport-milan-1172-45082	airport	airport	0.709	0.000	0.000	0.002	0.002	0.107	0.026	0.152	0.003	0.000
airport-milan-1172-45119	airport	airport	0.512	0.000	0.000	0.001	0.002	0.297	0.013	0.172	0.003	0.000
airport-milan-1172-45165	airport	airport	0.711	0.000	0.000	0.003	0.002	0.086	0.048	0.147	0.002	0.000
airport-milan-1172-45190	airport	airport	0.663	0.000	0.000	0.001	0.003	0.149	0.046	0.130	0.007	0.000
airport-milan-1172-45214	airport	airport	0.658	0.000	0.000	0.003	0.001	0.126	0.108	0.098	0.005	0.001
airport-milan-1172-45225	airport	airport	0.613	0.000	0.000	0.003	0.004	0.181	0.036	0.151	0.012	0.001
airport-milan-1172-45261	airport	airport	0.679	0.001	0.001	0.006	0.001	0.095	0.117	0.088	0.010	0.002
airport-milan-1172-45320	airport	airport	0.571	0.001	0.000	0.002	0.004	0.147	0.051	0.219	0.003	0.001
airport-milan-1172-45327	shopping_mall	airport	0.021	0.001	0.001	0.016	0.001	0.089	0.771	0.083	0.017	0.001
airport-milan-1172-45355	airport	airport	0.757	0.001	0.001	0.004	0.003	0.074	0.041	0.109	0.007	0.002
airport-milan-1172-45409	tram	airport	0.098	0.082	0.085	0.077	0.028	0.090	0.117	0.119	0.031	0.274
airport-milan-1172-45420	airport	airport	0.675	0.000	0.000	0.002	0.003	0.101	0.025	0.192	0.003	0.000
airport-milan-1172-45490	public_square	airport	0.060	0.000	0.001	0.008	0.002	0.507	0.163	0.250	0.007	0.001
airport-milan-1172-45505	airport	airport	0.817	0.000	0.000	0.002	0.002	0.042	0.026	0.110	0.001	0.000
airport-milan-1172-45645	airport	airport	0.747	0.001	0.001	0.003	0.004	0.098	0.025	0.108	0.010	0.003
airport-milan-1172-45710	airport	airport	0.697	0.000	0.000	0.001	0.001	0.165	0.020	0.113	0.003	0.000
airport-milan-1172-45738	airport	airport	0.607	0.000	0.000	0.002	0.003	0.100	0.036	0.249	0.002	0.000
airport-paris-206-6237	airport	airport	0.484	0.017	0.061	0.199	0.006	0.002	0.051	0.016	0.024	0.139
airport-paris-206-6238	airport	airport	0.360	0.016	0.129	0.212	0.008	0.004	0.053	0.019	0.053	0.144
airport-paris-206-6239	airport	airport	0.390	0.018	0.065	0.255	0.008	0.005	0.061	0.018	0.033	0.147
airport-paris-206-6240	airport	airport	0.353	0.028	0.094	0.206	0.008	0.004	0.048	0.021	0.038	0.200
airport-paris-206-6241	street_traffic	airport	0.004	0.069	0.023	0.260	0.001	0.000	0.005	0.002	0.423	0.212
airport-paris-206-6242	airport	airport	0.276	0.027	0.121	0.163	0.010	0.004	0.056	0.019	0.142	0.182
airport-paris-206-6243	street_pedestrian	airport	0.287	0.036	0.019	0.037	0.011	0.027	0.053	0.313	0.066	0.151
airport-paris-206-6244	tram	airport	0.008	0.140	0.025	0.311	0.001	0.000	0.006	0.003	0.162	0.344
airport-paris-206-6245	airport	airport	0.429	0.016	0.110	0.175	0.008	0.008	0.079	0.019	0.055	0.101
airport-paris-206-6246	airport	airport	0.523	0.058	0.012	0.024	0.006	0.013	0.043	0.134	0.012	0.176
airport-paris-206-6247	airport	airport	0.319	0.054	0.022	0.043	0.013	0.029	0.049	0.231	0.084	0.156
airport-paris-206-6248	airport	airport	0.499	0.015	0.063	0.198	0.007	0.004	0.058	0.021	0.029	0.107
airport-paris-206-6249	airport	airport	0.351	0.043	0.024	0.050	0.012	0.018	0.063	0.214	0.083	0.141
airport-paris-206-6250	tram	airport	0.007	0.083	0.031	0.215	0.002	0.000	0.002	0.002	0.227	0.431
airport-paris-206-6251	tram	airport	0.007	0.085	0.029	0.191	0.002	0.000	0.002	0.003	0.322	0.358
airport-paris-206-6252	airport	airport	0.352	0.022	0.086	0.210	0.008	0.005	0.053	0.031	0.053	0.179
airport-paris-206-6253	street_traffic	airport	0.005	0.071	0.019	0.197	0.002	0.000	0.005	0.002	0.531	0.166
airport-paris-206-6254	airport	airport	0.421	0.025	0.083	0.159	0.009	0.004	0.074	0.024	0.053	0.147
airport-paris-206-6255	street_pedestrian	airport	0.230	0.048	0.026	0.029	0.012	0.027	0.081	0.313	0.101	0.132
airport-paris-206-6256	airport	airport	0.335	0.068	0.019	0.040	0.010	0.024	0.040	0.227	0.042	0.195
airport-paris-206-6257	street_traffic	airport	0.005	0.052	0.024	0.294	0.001	0.000	0.004	0.002	0.399	0.217
airport-paris-206-6258	airport	airport	0.333	0.032	0.061	0.233	0.007	0.004	0.064	0.021	0.030	0.214
airport-paris-206-6259	airport	airport	0.285	0.043	0.023	0.060	0.011	0.037	0.083	0.214	0.144	0.100
airport-paris-206-6260	airport	airport	0.361	0.055	0.017	0.047	0.012	0.025	0.040	0.231	0.037	0.175
airport-paris-206-6261	street_traffic	airport	0.008	0.076	0.028	0.183	0.002	0.000	0.007	0.003	0.462	0.230
airport-paris-206-6262	street_traffic	airport	0.004	0.058	0.029	0.213	0.002	0.000	0.003	0.002	0.437	0.252
airport-paris-206-6263	street_traffic	airport	0.006	0.064	0.040	0.196	0.002	0.000	0.007	0.002	0.451	0.231
airport-paris-206-6264	airport	airport	0.399	0.090	0.027	0.058	0.011	0.016	0.038	0.105	0.067	0.188
airport-paris-206-6265	airport	airport	0.398	0.037	0.015	0.036	0.010	0.019	0.033	0.244	0.039	0.167
airport-paris-206-6266	street_traffic	airport	0.005	0.068	0.029	0.158	0.002	0.000	0.003	0.002	0.440	0.292
airport-paris-206-6267	airport	airport	0.276	0.043	0.028	0.071	0.011	0.038	0.055	0.194	0.177	0.105
airport-paris-206-6268	street_traffic	airport	0.009	0.087	0.023	0.220	0.002	0.000	0.005	0.004	0.375	0.275
airport-paris-206-6269	street_traffic	airport	0.005	0.041	0.026	0.213	0.002	0.000	0.003	0.002	0.519	0.189
airport-paris-206-6270	street_traffic	airport	0.004	0.050	0.047	0.239	0.002	0.000	0.004	0.002	0.390	0.263
airport-paris-206-6271	airport	airport	0.295	0.083	0.035	0.066	0.013	0.018	0.039	0.156	0.087	0.208
airport-paris-206-6272	airport	airport	0.286	0.029	0.125	0.187	0.010	0.004	0.058	0.021	0.097	0.185
airport-paris-206-6273	street_traffic	airport	0.008	0.074	0.030	0.241	0.003	0.000	0.003	0.003	0.320	0.317
airport-paris-206-6274	tram	airport	0.009	0.084	0.037	0.190	0.002	0.000	0.002	0.003	0.194	0.478
airport-paris-206-6275	airport	airport	0.527	0.031	0.016	0.017	0.009	0.020	0.050	0.215	0.011	0.103
airport-paris-206-6276	street_traffic	airport	0.005	0.071	0.035	0.176	0.002	0.000	0.005	0.003	0.419	0.283
airport-paris-206-6277	street_traffic	airport	0.003	0.045	0.026	0.185	0.002	0.000	0.002	0.002	0.500	0.235
airport-paris-206-6278	airport	airport	0.503	0.054	0.013	0.034	0.009	0.024	0.066	0.160	0.048	0.089
airport-paris-206-6279	airport	airport	0.367	0.022	0.087	0.232	0.007	0.006	0.056	0.024	0.031	0.167
airport-paris-206-6280	airport	airport	0.412	0.020	0.099	0.188	0.008	0.002	0.048	0.016	0.039	0.167
airport-paris-206-6281	airport	airport	0.280	0.100	0.040	0.053	0.014	0.021	0.044	0.127	0.102	0.219
airport-paris-206-6282	airport	airport	0.292	0.051	0.018	0.050	0.008	0.019	0.054	0.260	0.073	0.173
airport-prague-1173-44104	airport	airport	0.968	0.000	0.000	0.002	0.000	0.003	0.025	0.001	0.000	0.000
airport-prague-1173-44309	airport	airport	0.801	0.000	0.000	0.001	0.000	0.001	0.190	0.005	0.000	0.000
airport-prague-1173-44354	airport	airport	0.981	0.000	0.000	0.000	0.000	0.001	0.016	0.001	0.000	0.000
airport-prague-1173-44397	airport	airport	0.989	0.000	0.000	0.001	0.000	0.000	0.008	0.001	0.000	0.000
airport-prague-1173-44425	airport	airport	0.784	0.000	0.000	0.002	0.000	0.001	0.210	0.002	0.000	0.000
airport-prague-1173-44592	airport	airport	0.823	0.000	0.000	0.001	0.000	0.000	0.167	0.008	0.000	0.000
airport-prague-1173-44620	airport	airport	0.990	0.000	0.000	0.001	0.000	0.000	0.008	0.001	0.000	0.000
airport-prague-1173-44705	airport	airport	0.799	0.000	0.000	0.001	0.000	0.001	0.184	0.015	0.000	0.000
airport-prague-1173-44800	airport	airport	0.977	0.000	0.000	0.000	0.000	0.001	0.019	0.002	0.000	0.000
airport-prague-1173-44812	airport	airport	0.981	0.000	0.000	0.002	0.000	0.006	0.011	0.001	0.000	0.000
airport-prague-1173-44843	airport	airport	0.987	0.000	0.000	0.001	0.000	0.003	0.006	0.002	0.000	0.000
airport-prague-1173-44938	airport	airport	0.889	0.000	0.000	0.002	0.000	0.001	0.104	0.003	0.000	0.000
airport-prague-1173-44997	airport	airport	0.990	0.000	0.000	0.000	0.000	0.001	0.007	0.001	0.000	0.000
airport-prague-1173-45032	airport	airport	0.984	0.000	0.000	0.000	0.000	0.003	0.011	0.001	0.000	0.000
airport-prague-1173-45158	airport	airport	0.711	0.000	0.000	0.003	0.000	0.001	0.284	0.002	0.000	0.000
airport-prague-1173-45201	airport	airport	0.986	0.000	0.000	0.000	0.000	0.003	0.008	0.002	0.000	0.000
airport-prague-1173-45299	airport	airport	0.975	0.000	0.000	0.002	0.000	0.003	0.015	0.004	0.000	0.001
airport-prague-1173-45336	airport	airport	0.984	0.000	0.000	0.000	0.000	0.001	0.014	0.001	0.000	0.000
airport-prague-1173-45405	airport	airport	0.977	0.000	0.000	0.001	0.000	0.002	0.019	0.002	0.000	0.000
airport-prague-1173-45485	airport	airport	0.984	0.000	0.000	0.000	0.000	0.002	0.011	0.002	0.000	0.000
airport-prague-1173-45640	airport	airport	0.969	0.000	0.000	0.003	0.000	0.002	0.024	0.001	0.000	0.000
airport-prague-1173-45679	airport	airport	0.859	0.000	0.000	0.002	0.000	0.002	0.133	0.003	0.000	0.000
airport-prague-1173-45722	airport	airport	0.986	0.000	0.000	0.000	0.000	0.001	0.011	0.001	0.000	0.000
airport-prague-1173-45742	airport	airport	0.995	0.000	0.000	0.000	0.000	0.001	0.004	0.000	0.000	0.000
airport-prague-1195-44142	airport	airport	0.780	0.000	0.000	0.001	0.000	0.031	0.181	0.008	0.000	0.000
airport-prague-1195-44149	airport	airport	0.721	0.000	0.001	0.003	0.001	0.005	0.181	0.085	0.000	0.003
airport-prague-1195-44169	shopping_mall	airport	0.101	0.000	0.000	0.010	0.000	0.004	0.853	0.032	0.000	0.000
airport-prague-1195-44218	airport	airport	0.704	0.000	0.001	0.003	0.001	0.005	0.218	0.064	0.000	0.002
airport-prague-1195-44333	airport	airport	0.512	0.001	0.001	0.002	0.001	0.006	0.412	0.062	0.000	0.003
airport-prague-1195-44426	airport	airport	0.641	0.000	0.001	0.016	0.001	0.014	0.259	0.067	0.000	0.001
airport-prague-1195-44435	airport	airport	0.477	0.000	0.000	0.010	0.001	0.024	0.405	0.082	0.000	0.001
airport-prague-1195-44824	airport	airport	0.605	0.000	0.000	0.002	0.001	0.030	0.357	0.006	0.000	0.000
airport-prague-1195-44928	airport	airport	0.670	0.000	0.001	0.004	0.001	0.006	0.195	0.122	0.000	0.002
airport-prague-1195-44947	airport	airport	0.804	0.000	0.000	0.001	0.001	0.049	0.138	0.008	0.000	0.000
airport-prague-1195-45063	shopping_mall	airport	0.441	0.000	0.001	0.010	0.001	0.008	0.490	0.047	0.000	0.001
airport-prague-1195-45065	shopping_mall	airport	0.329	0.000	0.001	0.012	0.001	0.005	0.623	0.028	0.000	0.001
airport-prague-1195-45096	airport	airport	0.718	0.000	0.000	0.008	0.001	0.007	0.202	0.064	0.000	0.001
airport-prague-1195-45109	airport	airport	0.814	0.000	0.000	0.001	0.001	0.049	0.128	0.007	0.000	0.000
airport-prague-1195-45260	airport	airport	0.708	0.000	0.001	0.003	0.001	0.004	0.190	0.091	0.000	0.002
airport-prague-1195-45265	airport	airport	0.639	0.000	0.001	0.002	0.001	0.005	0.258	0.092	0.000	0.003
airport-prague-1195-45312	airport	airport	0.695	0.000	0.001	0.003	0.001	0.005	0.148	0.146	0.000	0.002
airport-prague-1195-45537	airport	airport	0.521	0.000	0.001	0.007	0.001	0.006	0.422	0.041	0.000	0.001
airport-prague-1195-45597	airport	airport	0.772	0.000	0.001	0.002	0.001	0.004	0.142	0.076	0.000	0.002
airport-prague-1195-45657	airport	airport	0.707	0.000	0.001	0.003	0.001	0.004	0.194	0.088	0.000	0.002
airport-prague-1195-45704	airport	airport	0.415	0.000	0.002	0.004	0.001	0.005	0.380	0.188	0.000	0.004
airport-prague-1195-45749	airport	airport	0.689	0.000	0.000	0.002	0.000	0.029	0.273	0.007	0.000	0.000
airport-prague-1195-45752	airport	airport	0.743	0.000	0.001	0.003	0.001	0.007	0.132	0.110	0.000	0.002
airport-prague-1195-45754	shopping_mall	airport	0.440	0.000	0.001	0.010	0.001	0.008	0.493	0.047	0.000	0.001
airport-stockholm-208-6315	metro_station	airport	0.282	0.003	0.021	0.397	0.001	0.001	0.280	0.005	0.002	0.007
airport-stockholm-208-6316	shopping_mall	airport	0.221	0.000	0.001	0.025	0.000	0.000	0.749	0.004	0.000	0.000
airport-stockholm-208-6317	metro_station	airport	0.249	0.007	0.031	0.368	0.002	0.002	0.327	0.003	0.002	0.009
airport-stockholm-208-6318	shopping_mall	airport	0.371	0.000	0.002	0.094	0.000	0.000	0.527	0.006	0.000	0.000
airport-stockholm-208-6319	shopping_mall	airport	0.214	0.022	0.034	0.299	0.002	0.002	0.403	0.003	0.004	0.017
airport-stockholm-208-6320	metro_station	airport	0.208	0.001	0.005	0.404	0.001	0.001	0.377	0.001	0.001	0.002
airport-stockholm-208-6321	airport	airport	0.402	0.019	0.125	0.174	0.004	0.003	0.227	0.012	0.004	0.029
airport-stockholm-208-6322	shopping_mall	airport	0.302	0.000	0.001	0.037	0.000	0.000	0.657	0.003	0.000	0.000
airport-stockholm-208-6323	airport	airport	0.297	0.029	0.101	0.237	0.004	0.003	0.282	0.011	0.003	0.033
airport-stockholm-208-6324	airport	airport	0.538	0.000	0.002	0.048	0.000	0.000	0.404	0.007	0.000	0.000
airport-stockholm-208-6325	shopping_mall	airport	0.313	0.000	0.001	0.049	0.000	0.000	0.632	0.005	0.000	0.000
airport-stockholm-208-6326	airport	airport	0.493	0.000	0.001	0.115	0.000	0.000	0.385	0.005	0.000	0.000
airport-stockholm-208-6327	metro_station	airport	0.198	0.006	0.023	0.520	0.001	0.001	0.240	0.001	0.003	0.006
airport-stockholm-208-6328	shopping_mall	airport	0.347	0.000	0.002	0.058	0.000	0.000	0.589	0.004	0.000	0.000
airport-stockholm-208-6329	shopping_mall	airport	0.377	0.000	0.002	0.079	0.000	0.000	0.533	0.009	0.000	0.000
airport-stockholm-208-6330	shopping_mall	airport	0.342	0.000	0.001	0.110	0.000	0.000	0.541	0.005	0.000	0.000
airport-stockholm-208-6331	airport	airport	0.640	0.000	0.001	0.072	0.000	0.000	0.278	0.008	0.000	0.000
airport-stockholm-208-6332	shopping_mall	airport	0.375	0.000	0.002	0.110	0.000	0.000	0.505	0.007	0.000	0.000
airport-stockholm-208-6333	airport	airport	0.480	0.000	0.001	0.050	0.000	0.000	0.464	0.005	0.000	0.000
airport-stockholm-208-6334	shopping_mall	airport	0.350	0.000	0.001	0.066	0.000	0.000	0.577	0.005	0.000	0.000
airport-stockholm-208-6335	shopping_mall	airport	0.358	0.000	0.001	0.067	0.000	0.000	0.569	0.005	0.000	0.000
airport-stockholm-208-6336	shopping_mall	airport	0.123	0.001	0.009	0.398	0.001	0.000	0.464	0.001	0.002	0.002
airport-stockholm-208-6337	shopping_mall	airport	0.249	0.015	0.031	0.242	0.002	0.002	0.436	0.005	0.002	0.014
airport-stockholm-208-6338	shopping_mall	airport	0.410	0.000	0.001	0.041	0.000	0.000	0.543	0.005	0.000	0.000
airport-stockholm-208-6339	metro_station	airport	0.292	0.005	0.067	0.413	0.003	0.002	0.186	0.012	0.004	0.015
airport-stockholm-208-6340	airport	airport	0.485	0.000	0.001	0.101	0.000	0.000	0.407	0.006	0.000	0.000
airport-stockholm-208-6341	shopping_mall	airport	0.344	0.000	0.001	0.057	0.000	0.000	0.591	0.007	0.000	0.000
airport-stockholm-208-6342	shopping_mall	airport	0.364	0.000	0.001	0.049	0.000	0.000	0.579	0.007	0.000	0.000
airport-stockholm-208-6343	airport	airport	0.349	0.005	0.029	0.341	0.002	0.001	0.256	0.004	0.002	0.011
airport-stockholm-208-6344	shopping_mall	airport	0.126	0.007	0.025	0.393	0.001	0.001	0.437	0.001	0.004	0.005
airport-stockholm-208-6345	shopping_mall	airport	0.213	0.003	0.036	0.331	0.002	0.002	0.401	0.004	0.003	0.005
airport-stockholm-208-6346	shopping_mall	airport	0.420	0.000	0.002	0.083	0.000	0.000	0.487	0.007	0.000	0.000
bus-barcelona-210-6387	bus	bus	0.002	0.556	0.025	0.007	0.000	0.000	0.003	0.001	0.001	0.404
bus-barcelona-210-6388	bus	bus	0.000	0.547	0.018	0.001	0.000	0.000	0.001	0.000	0.000	0.432
bus-barcelona-210-6389	bus	bus	0.000	0.857	0.005	0.000	0.000	0.000	0.002	0.000	0.000	0.135
bus-barcelona-210-6390	bus	bus	0.001	0.852	0.007	0.001	0.000	0.000	0.002	0.000	0.000	0.137
bus-barcelona-210-6391	bus	bus	0.003	0.882	0.016	0.001	0.000	0.000	0.011	0.001	0.003	0.083
bus-barcelona-210-6392	bus	bus	0.019	0.606	0.072	0.005	0.001	0.001	0.043	0.008	0.004	0.242
bus-barcelona-210-6393	bus	bus	0.018	0.642	0.057	0.004	0.001	0.001	0.023	0.006	0.004	0.244
bus-barcelona-210-6394	bus	bus	0.030	0.534	0.170	0.015	0.004	0.003	0.014	0.008	0.004	0.219
bus-barcelona-210-6395	bus	bus	0.000	0.972	0.003	0.000	0.000	0.000	0.000	0.000	0.000	0.024
bus-barcelona-210-6396	bus	bus	0.000	0.627	0.011	0.001	0.000	0.000	0.001	0.000	0.000	0.359
bus-barcelona-210-6397	bus	bus	0.020	0.587	0.082	0.008	0.001	0.000	0.032	0.004	0.003	0.262
bus-barcelona-210-6398	bus	bus	0.000	0.842	0.006	0.001	0.000	0.000	0.001	0.000	0.000	0.150
bus-barcelona-210-6399	bus	bus	0.043	0.730	0.053	0.004	0.001	0.002	0.060	0.005	0.002	0.099
bus-barcelona-210-6400	bus	bus	0.000	0.872	0.007	0.000	0.000	0.000	0.001	0.000	0.000	0.119
bus-barcelona-210-6401	bus	bus	0.078	0.524	0.147	0.009	0.005	0.003	0.063	0.008	0.005	0.158
bus-barcelona-210-6402	bus	bus	0.032	0.501	0.066	0.005	0.001	0.000	0.027	0.006	0.002	0.360
bus-barcelona-210-6403	bus	bus	0.019	0.700	0.055	0.003	0.001	0.000	0.025	0.002	0.002	0.193
bus-barcelona-210-6404	bus	bus	0.026	0.515	0.068	0.005	0.001	0.000	0.021	0.003	0.002	0.358
bus-barcelona-210-6405	bus	bus	0.000	0.895	0.005	0.000	0.000	0.000	0.001	0.000	0.000	0.100
bus-barcelona-210-6406	bus	bus	0.022	0.585	0.117	0.003	0.002	0.001	0.007	0.004	0.001	0.258
bus-barcelona-210-6407	bus	bus	0.000	0.815	0.003	0.000	0.000	0.000	0.000	0.000	0.000	0.182
bus-barcelona-210-6408	bus	bus	0.026	0.595	0.170	0.011	0.003	0.001	0.011	0.002	0.002	0.180
bus-barcelona-210-6409	bus	bus	0.021	0.761	0.083	0.003	0.001	0.001	0.012	0.002	0.002	0.115
bus-barcelona-210-6410	bus	bus	0.000	0.931	0.003	0.000	0.000	0.000	0.000	0.000	0.000	0.065
bus-barcelona-210-6411	bus	bus	0.000	0.719	0.010	0.001	0.000	0.000	0.002	0.000	0.001	0.267
bus-barcelona-210-6412	bus	bus	0.000	0.932	0.015	0.000	0.000	0.000	0.002	0.000	0.000	0.050
bus-barcelona-210-6413	bus	bus	0.000	0.945	0.005	0.000	0.000	0.000	0.001	0.000	0.000	0.048
bus-barcelona-210-6414	bus	bus	0.000	0.905	0.011	0.000	0.000	0.000	0.001	0.000	0.001	0.081
bus-barcelona-210-6415	bus	bus	0.016	0.648	0.063	0.004	0.001	0.000	0.017	0.002	0.001	0.248
bus-barcelona-210-6416	bus	bus	0.020	0.632	0.051	0.004	0.001	0.001	0.038	0.006	0.003	0.244
bus-barcelona-210-6417	bus	bus	0.027	0.734	0.034	0.003	0.001	0.001	0.043	0.004	0.002	0.149
bus-barcelona-210-6418	bus	bus	0.000	0.824	0.006	0.000	0.000	0.000	0.001	0.000	0.000	0.168
bus-barcelona-210-6419	bus	bus	0.000	0.888	0.008	0.000	0.000	0.000	0.002	0.000	0.000	0.102
bus-barcelona-210-6420	bus	bus	0.010	0.712	0.037	0.003	0.001	0.000	0.022	0.005	0.003	0.207
bus-barcelona-210-6421	bus	bus	0.000	0.952	0.012	0.000	0.000	0.000	0.002	0.000	0.000	0.033
bus-barcelona-210-6422	tram	bus	0.034	0.364	0.107	0.006	0.001	0.001	0.008	0.006	0.001	0.470
bus-helsinki-211-6424	bus	bus	0.001	0.605	0.079	0.003	0.001	0.000	0.026	0.007	0.004	0.273
bus-helsinki-211-6425	tram	bus	0.013	0.218	0.143	0.007	0.006	0.001	0.012	0.012	0.003	0.586
bus-helsinki-211-6426	bus	bus	0.009	0.853	0.025	0.009	0.001	0.000	0.022	0.000	0.010	0.069
bus-helsinki-211-6427	bus	bus	0.001	0.777	0.045	0.001	0.002	0.000	0.014	0.001	0.002	0.156
bus-helsinki-211-6428	bus	bus	0.001	0.550	0.085	0.004	0.001	0.000	0.030	0.009	0.004	0.314
bus-helsinki-211-6429	bus	bus	0.002	0.520	0.090	0.004	0.001	0.000	0.029	0.008	0.003	0.344
bus-helsinki-211-6430	bus	bus	0.005	0.936	0.006	0.003	0.000	0.000	0.028	0.000	0.007	0.014
bus-helsinki-211-6431	tram	bus	0.005	0.258	0.184	0.004	0.004	0.000	0.012	0.007	0.003	0.523
bus-helsinki-211-6433	bus	bus	0.010	0.917	0.005	0.006	0.001	0.001	0.030	0.001	0.005	0.026
bus-helsinki-211-6434	bus	bus	0.006	0.903	0.010	0.006	0.001	0.001	0.031	0.001	0.005	0.038
bus-helsinki-211-6435	bus	bus	0.037	0.857	0.004	0.010	0.001	0.001	0.058	0.001	0.006	0.024
bus-helsinki-211-6436	bus	bus	0.003	0.952	0.004	0.003	0.000	0.000	0.008	0.000	0.007	0.022
bus-helsinki-211-6437	tram	bus	0.002	0.400	0.138	0.003	0.003	0.000	0.013	0.007	0.003	0.430
bus-helsinki-211-6438	bus	bus	0.010	0.748	0.007	0.016	0.001	0.000	0.197	0.000	0.006	0.015
bus-helsinki-211-6439	bus	bus	0.003	0.458	0.067	0.002	0.003	0.001	0.019	0.011	0.002	0.434
bus-helsinki-211-6440	bus	bus	0.001	0.731	0.062	0.002	0.001	0.000	0.009	0.001	0.002	0.189
bus-helsinki-211-6442	bus	bus	0.001	0.653	0.079	0.003	0.001	0.000	0.031	0.006	0.005	0.220
bus-helsinki-211-6443	bus	bus	0.007	0.781	0.010	0.001	0.002	0.001	0.001	0.001	0.002	0.194
bus-helsinki-211-6444	bus	bus	0.020	0.798	0.017	0.023	0.002	0.001	0.046	0.003	0.016	0.074
bus-helsinki-211-6445	bus	bus	0.001	0.811	0.023	0.001	0.002	0.000	0.012	0.004	0.002	0.143
bus-helsinki-211-6448	tram	bus	0.011	0.242	0.205	0.005	0.008	0.001	0.021	0.032	0.003	0.471
bus-helsinki-211-6449	bus	bus	0.006	0.925	0.004	0.004	0.000	0.000	0.045	0.000	0.002	0.014
bus-helsinki-211-6450	bus	bus	0.004	0.746	0.013	0.002	0.002	0.000	0.002	0.001	0.002	0.228
bus-helsinki-211-6452	bus	bus	0.001	0.699	0.051	0.002	0.002	0.000	0.048	0.006	0.003	0.189
bus-helsinki-211-6453	bus	bus	0.011	0.863	0.014	0.014	0.001	0.001	0.049	0.001	0.005	0.041
bus-helsinki-211-6454	bus	bus	0.003	0.936	0.005	0.003	0.000	0.000	0.035	0.000	0.002	0.015
bus-helsinki-211-6455	bus	bus	0.016	0.905	0.006	0.005	0.001	0.000	0.038	0.001	0.005	0.024
bus-helsinki-211-6457	bus	bus	0.001	0.615	0.071	0.003	0.001	0.000	0.023	0.006	0.004	0.276
bus-helsinki-211-6458	bus	bus	0.011	0.898	0.008	0.004	0.001	0.001	0.036	0.001	0.010	0.030
bus-helsinki-211-6459	bus	bus	0.032	0.775	0.008	0.021	0.002	0.003	0.089	0.004	0.024	0.041
bus-helsinki-211-6460	bus	bus	0.001	0.741	0.041	0.001	0.001	0.000	0.038	0.005	0.002	0.169
bus-helsinki-211-6461	bus	bus	0.002	0.796	0.056	0.002	0.001	0.000	0.016	0.001	0.001	0.125
bus-helsinki-211-6464	bus	bus	0.017	0.865	0.009	0.008	0.001	0.001	0.058	0.001	0.014	0.027
bus-helsinki-211-6465	bus	bus	0.001	0.849	0.018	0.001	0.001	0.000	0.012	0.001	0.002	0.116
bus-helsinki-211-6466	bus	bus	0.006	0.892	0.014	0.006	0.001	0.000	0.023	0.000	0.014	0.043
bus-lisbon-1212-44206	bus	bus	0.000	0.883	0.000	0.000	0.000	0.000	0.000	0.000	0.000	0.116
bus-lisbon-1212-44271	bus	bus	0.000	0.997	0.000	0.000	0.000	0.000	0.001	0.000	0.000	0.002
bus-lisbon-1212-44366	bus	bus	0.000	0.991	0.000	0.000	0.000	0.000	0.001	0.000	0.000	0.009
bus-lisbon-1212-44406	bus	bus	0.000	0.991	0.000	0.000	0.000	0.000	0.001	0.000	0.000	0.008
bus-lisbon-1212-44414	bus	bus	0.001	0.779	0.001	0.000	0.000	0.000	0.000	0.000	0.000	0.219
bus-lisbon-1212-44463	bus	bus	0.000	0.993	0.000	0.000	0.000	0.000	0.002	0.000	0.000	0.004
bus-lisbon-1212-44498	bus	bus	0.000	0.996	0.000	0.000	0.000	0.000	0.002	0.000	0.000	0.002
bus-lisbon-1212-44531	bus	bus	0.000	0.995	0.000	0.000	0.000	0.000	0.001	0.000	0.000	0.004
bus-lisbon-1212-45080	bus	bus	0.000	0.997	0.000	0.000	0.000	0.000	0.001	0.000	0.000	0.002
bus-lisbon-1212-45457	bus	bus	0.000	0.953	0.000	0.000	0.000	0.000	0.000	0.000	0.000	0.046
bus-lisbon-1212-45534	bus	bus	0.000	0.625	0.000	0.000	0.000	0.000	0.001	0.000	0.000	0.373
bus-lisbon-1212-45548	bus	bus	0.000	0.982	0.000	0.000	0.000	0.000	0.001	0.000	0.000	0.017
bus-lisbon-1212-45601	bus	bus	0.000	0.987	0.000	0.000	0.000	0.000	0.003	0.000	0.000	0.009
bus-lisbon-1212-45715	bus	bus	0.000	0.941	0.000	0.000	0.000	0.000	0.001	0.000	0.000	0.058
bus-lisbon-1223-44393	bus	bus	0.001	0.841	0.012	0.001	0.000	0.000	0.009	0.003	0.000	0.132
bus-lisbon-1223-44407	bus	bus	0.003	0.950	0.004	0.001	0.000	0.000	0.003	0.000	0.000	0.039
bus-lisbon-1223-44429	bus	bus	0.006	0.612	0.028	0.007	0.000	0.000	0.039	0.006	0.001	0.300
bus-lisbon-1223-44483	bus	bus	0.004	0.488	0.048	0.003	0.001	0.000	0.013	0.008	0.001	0.435
bus-lisbon-1223-44593	bus	bus	0.000	0.886	0.037	0.000	0.000	0.000	0.001	0.000	0.000	0.075
bus-lisbon-1223-44619	bus	bus	0.000	0.914	0.018	0.000	0.000	0.000	0.001	0.000	0.000	0.067
bus-lisbon-1223-44695	bus	bus	0.009	0.559	0.025	0.018	0.001	0.000	0.014	0.004	0.001	0.369
bus-lisbon-1223-44799	bus	bus	0.003	0.802	0.025	0.010	0.001	0.000	0.011	0.001	0.001	0.146
bus-lisbon-1223-45057	bus	bus	0.001	0.749	0.032	0.002	0.000	0.000	0.008	0.002	0.001	0.204
bus-lisbon-1223-45220	bus	bus	0.004	0.798	0.013	0.007	0.000	0.001	0.023	0.004	0.001	0.150
bus-lisbon-1223-45244	bus	bus	0.002	0.578	0.050	0.009	0.000	0.000	0.009	0.002	0.001	0.350
bus-lisbon-1223-45639	bus	bus	0.006	0.432	0.089	0.013	0.001	0.000	0.029	0.004	0.001	0.425
bus-lisbon-1223-45689	bus	bus	0.001	0.803	0.029	0.002	0.000	0.000	0.008	0.002	0.001	0.154
bus-lisbon-1226-44491	tram	bus	0.000	0.172	0.008	0.001	0.000	0.000	0.000	0.001	0.001	0.817
bus-lisbon-1226-44523	tram	bus	0.000	0.146	0.014	0.002	0.000	0.000	0.000	0.001	0.001	0.835
bus-lisbon-1226-44601	tram	bus	0.000	0.131	0.053	0.000	0.000	0.000	0.001	0.003	0.000	0.811
bus-lisbon-1226-44607	tram	bus	0.000	0.210	0.006	0.001	0.000	0.000	0.000	0.002	0.002	0.779
bus-lisbon-1226-44871	tram	bus	0.000	0.432	0.003	0.000	0.000	0.000	0.000	0.001	0.002	0.562
bus-lisbon-1226-45035	tram	bus	0.000	0.112	0.052	0.001	0.000	0.000	0.002	0.005	0.000	0.828
bus-lisbon-1226-45078	tram	bus	0.001	0.214	0.027	0.000	0.000	0.000	0.001	0.004	0.001	0.752
bus-lisbon-1226-45085	tram	bus	0.000	0.063	0.293	0.001	0.000	0.000	0.002	0.002	0.000	0.638
bus-lisbon-1226-45095	tram	bus	0.000	0.032	0.087	0.000	0.000	0.000	0.000	0.001	0.000	0.879
bus-lisbon-1226-45100	tram	bus	0.000	0.082	0.135	0.001	0.000	0.000	0.002	0.003	0.000	0.777
bus-lisbon-1226-45496	tram	bus	0.000	0.122	0.008	0.002	0.000	0.000	0.000	0.001	0.001	0.865
bus-lisbon-1226-45544	metro	bus	0.000	0.120	0.513	0.000	0.001	0.000	0.002	0.002	0.000	0.362
bus-lisbon-1226-45632	tram	bus	0.000	0.089	0.023	0.000	0.000	0.000	0.000	0.001	0.000	0.887
bus-lisbon-1226-45756	tram	bus	0.000	0.142	0.005	0.001	0.000	0.000	0.000	0.001	0.001	0.850
bus-lyon-1177-44109	bus	bus	0.002	0.769	0.065	0.001	0.000	0.000	0.001	0.000	0.000	0.161
bus-lyon-1177-44129	bus	bus	0.004	0.743	0.022	0.000	0.000	0.000	0.001	0.000	0.000	0.229
bus-lyon-1177-44159	bus	bus	0.001	0.905	0.045	0.001	0.001	0.000	0.002	0.000	0.000	0.045
bus-lyon-1177-44178	bus	bus	0.000	0.957	0.008	0.000	0.000	0.000	0.001	0.000	0.000	0.033
bus-lyon-1177-44264	bus	bus	0.016	0.637	0.016	0.001	0.001	0.000	0.002	0.001	0.001	0.325
bus-lyon-1177-44268	bus	bus	0.006	0.750	0.031	0.002	0.001	0.000	0.003	0.000	0.000	0.206
