aid	scene_pred	scene_label	airport	bus	metro	metro_station	park	public_square	shopping_mall	street_pedestrian	street_traffic	tram
airport-lisbon-1175-44106	airport	airport	0.749	0.000	0.001	0.087	0.000	0.001	0.153	0.007	0.001	0.000
airport-lisbon-1175-44186	metro_station	airport	0.429	0.000	0.002	0.456	0.000	0.000	0.111	0.001	0.000	0.001
airport-lisbon-1175-44210	airport	airport	0.654	0.001	0.003	0.005	0.000	0.002	0.328	0.005	0.000	0.002
airport-lisbon-1175-44233	airport	airport	0.541	0.000	0.002	0.004	0.000	0.001	0.448	0.004	0.000	0.000
airport-lisbon-1175-44296	shopping_mall	airport	0.427	0.001	0.004	0.008	0.000	0.001	0.550	0.007	0.000	0.002
airport-lisbon-1175-44606	airport	airport	0.640	0.001	0.003	0.010	0.001	0.002	0.327	0.015	0.000	0.002
airport-lisbon-1175-44669	airport	airport	0.867	0.003	0.008	0.009	0.002	0.012	0.069	0.016	0.001	0.014
airport-lisbon-1175-44691	airport	airport	0.849	0.000	0.000	0.065	0.000	0.000	0.083	0.002	0.000	0.000
airport-lisbon-1175-44700	airport	airport	0.702	0.010	0.013	0.012	0.003	0.015	0.192	0.025	0.001	0.026
airport-lisbon-1175-44702	airport	airport	0.986	0.000	0.000	0.004	0.000	0.000	0.009	0.001	0.000	0.000
airport-lisbon-1175-44703	airport	airport	0.498	0.001	0.003	0.010	0.000	0.001	0.483	0.003	0.000	0.002
airport-lisbon-1175-44708	airport	airport	0.951	0.000	0.000	0.018	0.000	0.000	0.030	0.001	0.000	0.000
airport-lisbon-1175-44791	airport	airport	0.771	0.001	0.003	0.005	0.001	0.002	0.198	0.018	0.000	0.001
airport-lisbon-1175-44813	airport	airport	0.838	0.002	0.003	0.003	0.000	0.004	0.144	0.001	0.001	0.003
airport-lisbon-1175-44864	airport	airport	0.879	0.000	0.001	0.003	0.000	0.003	0.075	0.037	0.000	0.001
airport-lisbon-1175-44916	airport	airport	0.798	0.000	0.001	0.187	0.000	0.000	0.014	0.000	0.000	0.000
airport-lisbon-1175-44918	airport	airport	0.991	0.000	0.000	0.003	0.000	0.000	0.006	0.001	0.000	0.000
airport-lisbon-1175-45070	airport	airport	0.768	0.000	0.001	0.170	0.000	0.000	0.061	0.000	0.000	0.000
airport-lisbon-1175-45108	airport	airport	0.730	0.000	0.000	0.238	0.000	0.000	0.032	0.000	0.000	0.000
airport-lisbon-1175-45126	airport	airport	0.762	0.000	0.001	0.159	0.000	0.001	0.074	0.002	0.001	0.001
airport-lisbon-1175-45127	airport	airport	0.816	0.000	0.001	0.154	0.000	0.000	0.027	0.000	0.000	0.000
airport-lisbon-1175-45213	airport	airport	0.569	0.000	0.003	0.392	0.000	0.000	0.033	0.000	0.001	0.001
airport-lisbon-1175-45300	airport	airport	0.976	0.000	0.000	0.006	0.000	0.000	0.016	0.001	0.000	0.000
airport-lisbon-1175-45340	airport	airport	0.874	0.000	0.000	0.060	0.000	0.000	0.062	0.003	0.000	0.000
airport-lisbon-1175-45350	airport	airport	0.665	0.000	0.001	0.290	0.000	0.000	0.043	0.000	0.000	0.000
airport-lisbon-1175-45351	airport	airport	0.616	0.000	0.001	0.325	0.000	0.000	0.057	0.001	0.000	0.000
airport-lisbon-1175-45357	airport	airport	0.795	0.000	0.001	0.154	0.000	0.000	0.047	0.001	0.000	0.000
airport-lisbon-1175-45362	airport	airport	0.461	0.000	0.002	0.315	0.000	0.000	0.220	0.000	0.000	0.000
airport-lisbon-1175-45450	airport	airport	0.492	0.000	0.002	0.428	0.000	0.000	0.076	0.001	0.000	0.001
airport-lisbon-1175-45451	airport	airport	0.963	0.000	0.000	0.024	0.000	0.000	0.010	0.002	0.000	0.000
airport-lisbon-1175-45539	airport	airport	0.986	0.000	0.000	0.004	0.000	0.000	0.009	0.001	0.000	0.000
airport-lisbon-1175-45585	airport	airport	0.485	0.001	0.006	0.011	0.001	0.002	0.483	0.008	0.001	0.003
airport-lisbon-1175-45593	airport	airport	0.904	0.000	0.000	0.053	0.000	0.000	0.039	0.002	0.000	0.000
airport-lisbon-1175-45692	airport	airport	0.813	0.000	0.001	0.118	0.000	0.000	0.067	0.001	0.000	0.000
airport-lisbon-1175-45707	airport	airport	0.580	0.001	0.008	0.007	0.001	0.002	0.386	0.012	0.001	0.003
airport-lisbon-1175-45732	airport	airport	0.909	0.001	0.003	0.002	0.000	0.005	0.068	0.008	0.000	0.004
airport-london-205-6178	shopping_mall	airport	0.073	0.001	0.021	0.230	0.001	0.003	0.628	0.024	0.018	0.002
airport-london-205-6179	shopping_mall	airport	0.086	0.000	0.001	0.077	0.000	0.002	0.810	0.020	0.002	0.001
airport-london-205-6180	airport	airport	0.695	0.000	0.001	0.051	0.001	0.002	0.217	0.031	0.002	0.000
airport-london-205-6183	airport	airport	0.618	0.000	0.000	0.006	0.001	0.045	0.143	0.184	0.002	0.000
airport-london-205-6184	street_pedestrian	airport	0.275	0.000	0.001	0.017	0.001	0.033	0.302	0.367	0.003	0.001
airport-london-205-6186	shopping_mall	airport	0.130	0.000	0.001	0.077	0.000	0.003	0.737	0.048	0.002	0.001
airport-london-205-6189	airport	airport	0.304	0.002	0.009	0.199	0.003	0.014	0.279	0.175	0.010	0.005
airport-london-205-6190	airport	airport	0.465	0.000	0.000	0.020	0.000	0.014	0.398	0.100	0.002	0.000
airport-london-205-6191	shopping_mall	airport	0.224	0.000	0.003	0.202	0.001	0.002	0.546	0.015	0.006	0.001
airport-london-205-6192	airport	airport	0.691	0.000	0.000	0.015	0.000	0.021	0.201	0.069	0.001	0.000
airport-london-205-6193	airport	airport	0.341	0.013	0.035	0.023	0.003	0.199	0.126	0.158	0.095	0.008
airport-london-205-6194	airport	airport	0.463	0.002	0.026	0.046	0.001	0.094	0.302	0.015	0.046	0.005
airport-london-205-6195	airport	airport	0.545	0.000	0.004	0.011	0.001	0.121	0.254	0.052	0.010	0.002
airport-london-205-6197	airport	airport	0.469	0.000	0.003	0.010	0.001	0.199	0.193	0.101	0.022	0.001
airport-london-205-6199	shopping_mall	airport	0.058	0.000	0.000	0.027	0.000	0.001	0.892	0.020	0.001	0.000
airport-london-205-6200	shopping_mall	airport	0.217	0.000	0.001	0.022	0.001	0.089	0.378	0.287	0.005	0.001
airport-london-205-6202	airport	airport	0.503	0.001	0.004	0.050	0.001	0.006	0.376	0.056	0.003	0.001
airport-london-205-6203	airport	airport	0.395	0.004	0.003	0.064	0.003	0.092	0.168	0.254	0.012	0.005
airport-london-205-6204	airport	airport	0.636	0.000	0.004	0.131	0.002	0.009	0.157	0.050	0.010	0.002
airport-london-205-6206	shopping_mall	airport	0.047	0.000	0.001	0.116	0.000	0.001	0.809	0.023	0.002	0.001
airport-london-205-6207	airport	airport	0.581	0.001	0.004	0.042	0.003	0.009	0.236	0.119	0.004	0.002
airport-london-205-6209	shopping_mall	airport	0.346	0.001	0.005	0.079	0.002	0.004	0.533	0.026	0.004	0.001
airport-london-205-6210	shopping_mall	airport	0.230	0.002	0.003	0.098	0.001	0.019	0.573	0.061	0.013	0.002
airport-london-205-6211	shopping_mall	airport	0.204	0.000	0.001	0.057	0.001	0.009	0.571	0.154	0.002	0.001
airport-london-205-6212	shopping_mall	airport	0.060	0.000	0.001	0.076	0.000	0.001	0.841	0.018	0.002	0.001
airport-london-205-6213	public_square	airport	0.229	0.000	0.005	0.006	0.001	0.558	0.091	0.089	0.020	0.001
airport-london-205-6214	shopping_mall	airport	0.366	0.000	0.002	0.068	0.001	0.044	0.383	0.126	0.010	0.001
airport-london-205-6215	shopping_mall	airport	0.259	0.000	0.003	0.138	0.001	0.002	0.562	0.030	0.004	0.001
airport-london-205-6216	shopping_mall	airport	0.054	0.000	0.001	0.069	0.000	0.002	0.839	0.032	0.002	0.000
airport-london-205-6217	airport	airport	0.291	0.001	0.012	0.035	0.002	0.256	0.232	0.113	0.055	0.003
airport-london-205-6219	airport	airport	0.494	0.001	0.018	0.046	0.001	0.049	0.291	0.040	0.057	0.004
airport-london-205-6220	shopping_mall	airport	0.251	0.002	0.003	0.108	0.001	0.021	0.507	0.092	0.011	0.003
airport-london-205-6222	airport	airport	0.514	0.000	0.001	0.014	0.001	0.019	0.390	0.059	0.002	0.000
airport-london-205-6223	airport	airport	0.670	0.001	0.012	0.030	0.001	0.091	0.147	0.011	0.034	0.003
airport-london-205-6224	shopping_mall	airport	0.344	0.000	0.001	0.022	0.001	0.045	0.452	0.130	0.004	0.001
airport-london-205-6225	shopping_mall	airport	0.230	0.000	0.001	0.041	0.001	0.086	0.396	0.234	0.009	0.001
airport-london-205-6226	shopping_mall	airport	0.090	0.001	0.005	0.252	0.001	0.026	0.463	0.121	0.038	0.003
airport-london-205-6227	airport	airport	0.787	0.000	0.002	0.063	0.001	0.007	0.106	0.030	0.005	0.001
airport-london-205-6228	airport	airport	0.744	0.000	0.003	0.061	0.001	0.009	0.125	0.052	0.003	0.002
airport-london-205-6229	airport	airport	0.369	0.000	0.001	0.020	0.001	0.093	0.301	0.207	0.004	0.002
airport-london-205-6230	public_square	airport	0.331	0.002	0.017	0.014	0.003	0.363	0.101	0.111	0.055	0.004
airport-london-205-6231	shopping_mall	airport	0.238	0.000	0.000	0.006	0.000	0.017	0.676	0.061	0.001	0.000
airport-london-205-6232	airport	airport	0.760	0.000	0.002	0.033	0.002	0.011	0.077	0.109	0.003	0.002
airport-london-205-6233	airport	airport	0.538	0.000	0.001	0.008	0.001	0.018	0.325	0.107	0.002	0.000
airport-london-205-6234	shopping_mall	airport	0.177	0.002	0.004	0.184	0.001	0.011	0.558	0.047	0.015	0.003
airport-london-205-6235	public_square	airport	0.215	0.001	0.012	0.014	0.003	0.589	0.071	0.038	0.054	0.002
airport-london-205-6236	airport	airport	0.454	0.001	0.013	0.031	0.002	0.199	0.123	0.102	0.070	0.005
airport-lyon-1169-44100	airport	airport	0.976	0.000	0.000	0.000	0.000	0.002	0.012	0.010	0.000	0.000
airport-lyon-1169-44127	airport	airport	0.473	0.000	0.000	0.072	0.000	0.001	0.450	0.005	0.000	0.000
airport-lyon-1169-44227	airport	airport	0.885	0.000	0.000	0.000	0.000	0.007	0.021	0.086	0.000	0.000
airport-lyon-1169-44279	shopping_mall	airport	0.147	0.000	0.000	0.046	0.000	0.000	0.799	0.006	0.001	0.000
airport-lyon-1169-44283	airport	airport	0.980	0.000	0.000	0.000	0.000	0.001	0.008	0.011	0.000	0.000
airport-lyon-1169-44314	shopping_mall	airport	0.260	0.000	0.000	0.014	0.000	0.000	0.718	0.007	0.000	0.000
airport-lyon-1169-44321	airport	airport	0.488	0.000	0.000	0.080	0.000	0.000	0.428	0.003	0.001	0.000
airport-lyon-1169-44330	airport	airport	0.947	0.000	0.000	0.001	0.000	0.000	0.044	0.008	0.000	0.000
airport-lyon-1169-44348	shopping_mall	airport	0.334	0.000	0.000	0.041	0.000	0.000	0.624	0.001	0.000	0.000
airport-lyon-1169-44351	airport	airport	0.864	0.000	0.000	0.001	0.000	0.001	0.093	0.040	0.000	0.000
airport-lyon-1169-44363	airport	airport	0.552	0.000	0.001	0.117	0.000	0.000	0.323	0.004	0.001	0.000
airport-lyon-1169-44387	airport	airport	0.615	0.000	0.000	0.006	0.000	0.000	0.376	0.003	0.000	0.000
airport-lyon-1169-44430	airport	airport	0.993	0.000	0.000	0.000	0.000	0.001	0.003	0.003	0.000	0.000
airport-lyon-1169-44433	airport	airport	0.938	0.000	0.000	0.001	0.000	0.002	0.043	0.017	0.000	0.000
airport-lyon-1169-44434	airport	airport	0.822	0.000	0.000	0.033	0.000	0.001	0.140	0.004	0.000	0.000
airport-lyon-1169-44446	shopping_mall	airport	0.325	0.000	0.001	0.071	0.000	0.000	0.599	0.003	0.000	0.000
airport-lyon-1169-44486	airport	airport	0.911	0.000	0.000	0.001	0.000	0.002	0.071	0.015	0.000	0.000
airport-lyon-1169-44497	airport	airport	0.641	0.000	0.000	0.041	0.000	0.000	0.316	0.002	0.000	0.000
airport-lyon-1169-44528	airport	airport	0.974	0.000	0.000	0.001	0.000	0.002	0.014	0.007	0.000	0.000
airport-lyon-1169-44570	airport	airport	0.928	0.000	0.000	0.001	0.000	0.002	0.053	0.016	0.000	0.000
airport-lyon-1169-44738	airport	airport	0.992	0.000	0.000	0.000	0.000	0.000	0.003	0.004	0.000	0.000
airport-lyon-1169-44782	airport	airport	0.782	0.000	0.000	0.020	0.000	0.000	0.197	0.001	0.000	0.000
airport-lyon-1169-44981	airport	airport	0.997	0.000	0.000	0.000	0.000	0.000	0.002	0.001	0.000	0.000
airport-lyon-1169-45068	airport	airport	0.987	0.000	0.000	0.001	0.000	0.001	0.006	0.004	0.000	0.000
airport-lyon-1169-45129	airport	airport	0.614	0.000	0.000	0.019	0.000	0.000	0.359	0.008	0.000	0.000
airport-lyon-1169-45185	airport	airport	0.806	0.000	0.000	0.001	0.000	0.007	0.102	0.083	0.000	0.000
airport-lyon-1169-45263	airport	airport	0.899	0.000	0.000	0.001	0.000	0.001	0.076	0.023	0.000	0.000
airport-lyon-1169-45296	airport	airport	0.998	0.000	0.000	0.000	0.000	0.000	0.001	0.001	0.000	0.000
airport-lyon-1169-45396	airport	airport	0.950	0.000	0.000	0.000	0.000	0.002	0.014	0.034	0.000	0.000
airport-lyon-1169-45487	airport	airport	0.981	0.000	0.000	0.000	0.000	0.002	0.005	0.011	0.000	0.000
airport-lyon-1169-45498	airport	airport	0.968	0.000	0.000	0.000	0.000	0.002	0.018	0.012	0.000	0.000
airport-lyon-1169-45519	airport	airport	0.833	0.000	0.000	0.002	0.000	0.001	0.147	0.017	0.000	0.000
airport-lyon-1169-45560	airport	airport	0.988	0.000	0.000	0.000	0.000	0.001	0.004	0.006	0.000	0.000
airport-lyon-1169-45588	airport	airport	0.943	0.000	0.000	0.000	0.000	0.002	0.036	0.019	0.000	0.000
airport-lyon-1169-45628	airport	airport	0.851	0.000	0.000	0.000	0.000	0.005	0.053	0.091	0.000	0.000
airport-lyon-1169-45672	airport	airport	0.978	0.000	0.000	0.000	0.000	0.001	0.015	0.006	0.000	0.000
airport-milan-1172-44103	airport	airport	0.952	0.000	0.000	0.000	0.000	0.001	0.045	0.001	0.000	0.000
airport-milan-1172-44126	airport	airport	0.931	0.000	0.000	0.000	0.000	0.002	0.066	0.001	0.000	0.000
airport-milan-1172-44205	airport	airport	0.652	0.000	0.001	0.015	0.001	0.026	0.288	0.012	0.006	0.000
airport-milan-1172-44215	airport	airport	0.680	0.000	0.000	0.003	0.000	0.019	0.288	0.010	0.001	0.000
airport-milan-1172-44376	airport	airport	0.952	0.000	0.000	0.000	0.000	0.002	0.046	0.000	0.000	0.000
airport-milan-1172-44409	airport	airport	0.600	0.000	0.000	0.008	0.000	0.008	0.375	0.006	0.003	0.000
airport-milan-1172-44524	airport	airport	0.873	0.000	0.000	0.002	0.000	0.011	0.106	0.006	0.001	0.000
airport-milan-1172-44533	shopping_mall	airport	0.421	0.001	0.004	0.038	0.002	0.032	0.466	0.024	0.010	0.003
airport-milan-1172-44567	airport	airport	0.539	0.000	0.000	0.006	0.000	0.012	0.436	0.005	0.002	0.000
airport-milan-1172-44586	airport	airport	0.950	0.000	0.000	0.000	0.000	0.001	0.047	0.001	0.000	0.000
airport-milan-1172-44624	airport	airport	0.982	0.000	0.000	0.000	0.000	0.003	0.014	0.001	0.000	0.000
airport-milan-1172-44661	airport	airport	0.991	0.000	0.000	0.000	0.000	0.004	0.004	0.001	0.000	0.000
airport-milan-1172-44687	airport	airport	0.986	0.000	0.000	0.000	0.000	0.003	0.009	0.001	0.000	0.000
airport-milan-1172-44762	airport	airport	0.986	0.000	0.000	0.000	0.000	0.001	0.011	0.001	0.000	0.000
airport-milan-1172-44768	airport	airport	0.990	0.000	0.000	0.000	0.000	0.002	0.006	0.001	0.000	0.000
airport-milan-1172-44819	airport	airport	0.989	0.000	0.000	0.000	0.000	0.002	0.007	0.002	0.000	0.000
airport-milan-1172-44887	airport	airport	0.984	0.000	0.000	0.000	0.000	0.003	0.010	0.002	0.000	0.000
airport-milan-1172-44925	airport	airport	0.636	0.000	0.000	0.002	0.000	0.033	0.306	0.019	0.003	0.000
airport-milan-1172-45028	airport	airport	0.747	0.000	0.000	0.006	0.000	0.011	0.228	0.006	0.001	0.000
airport-milan-1172-45082	airport	airport	0.963	0.000	0.000	0.000	0.000	0.001	0.034	0.001	0.000	0.000
airport-milan-1172-45119	airport	airport	0.959	0.000	0.000	0.000	0.000	0.002	0.038	0.001	0.000	0.000
airport-milan-1172-45165	airport	airport	0.991	0.000	0.000	0.000	0.000	0.001	0.006	0.001	0.000	0.000
airport-milan-1172-45190	airport	airport	0.979	0.000	0.000	0.000	0.000	0.001	0.018	0.001	0.000	0.000
airport-milan-1172-45214	airport	airport	0.983	0.000	0.000	0.000	0.000	0.001	0.015	0.001	0.000	0.000
airport-milan-1172-45225	airport	airport	0.933	0.000	0.000	0.000	0.000	0.001	0.065	0.001	0.000	0.000
airport-milan-1172-45261	airport	airport	0.978	0.000	0.000	0.000	0.000	0.004	0.015	0.002	0.000	0.000
airport-milan-1172-45320	airport	airport	0.953	0.000	0.000	0.000	0.000	0.001	0.046	0.001	0.000	0.000
airport-milan-1172-45327	airport	airport	0.506	0.000	0.000	0.004	0.000	0.015	0.463	0.008	0.003	0.000
airport-milan-1172-45355	airport	airport	0.972	0.000	0.000	0.000	0.000	0.006	0.015	0.007	0.000	0.000
airport-milan-1172-45409	shopping_mall	airport	0.305	0.002	0.023	0.095	0.001	0.007	0.536	0.003	0.017	0.009
airport-milan-1172-45420	airport	airport	0.957	0.000	0.000	0.000	0.000	0.001	0.041	0.001	0.000	0.000
airport-milan-1172-45490	airport	airport	0.847	0.000	0.000	0.001	0.000	0.034	0.105	0.011	0.001	0.000
airport-milan-1172-45505	airport	airport	0.989	0.000	0.000	0.000	0.000	0.000	0.010	0.000	0.000	0.000
airport-milan-1172-45645	airport	airport	0.992	0.000	0.000	0.000	0.000	0.002	0.005	0.001	0.000	0.000
airport-milan-1172-45710	airport	airport	0.976	0.000	0.000	0.000	0.000	0.005	0.018	0.001	0.000	0.000
airport-milan-1172-45738	airport	airport	0.969	0.000	0.000	0.000	0.000	0.001	0.028	0.001	0.000	0.000
airport-paris-206-6237	airport	airport	0.750	0.003	0.004	0.145	0.001	0.006	0.076	0.009	0.005	0.003
airport-paris-206-6238	airport	airport	0.777	0.007	0.006	0.093	0.002	0.030	0.046	0.017	0.018	0.004
airport-paris-206-6239	airport	airport	0.418	0.008	0.017	0.410	0.002	0.013	0.087	0.008	0.015	0.022
airport-paris-206-6240	metro_station	airport	0.239	0.003	0.030	0.436	0.002	0.014	0.210	0.018	0.012	0.035
airport-paris-206-6241	metro_station	airport	0.056	0.005	0.006	0.854	0.001	0.004	0.013	0.017	0.027	0.017
airport-paris-206-6242	airport	airport	0.393	0.007	0.017	0.336	0.002	0.014	0.172	0.028	0.013	0.017
airport-paris-206-6243	airport	airport	0.615	0.006	0.014	0.114	0.003	0.025	0.083	0.059	0.067	0.015
airport-paris-206-6244	metro_station	airport	0.117	0.002	0.006	0.811	0.001	0.002	0.019	0.011	0.014	0.018
airport-paris-206-6245	airport	airport	0.712	0.009	0.013	0.124	0.002	0.034	0.054	0.010	0.036	0.006
airport-paris-206-6246	airport	airport	0.627	0.013	0.008	0.066	0.003	0.083	0.079	0.059	0.051	0.010
airport-paris-206-6247	street_traffic	airport	0.143	0.051	0.015	0.049	0.004	0.162	0.009	0.061	0.493	0.013
airport-paris-206-6248	metro_station	airport	0.365	0.007	0.018	0.438	0.002	0.011	0.116	0.015	0.014	0.013
airport-paris-206-6249	airport	airport	0.712	0.006	0.009	0.077	0.003	0.025	0.077	0.037	0.047	0.007
airport-paris-206-6250	metro_station	airport	0.039	0.001	0.005	0.919	0.000	0.002	0.008	0.005	0.009	0.012
airport-paris-206-6251	metro_station	airport	0.091	0.004	0.008	0.785	0.001	0.013	0.007	0.024	0.048	0.019
airport-paris-206-6252	metro_station	airport	0.152	0.005	0.030	0.500	0.001	0.006	0.264	0.010	0.014	0.018
airport-paris-206-6253	metro_station	airport	0.085	0.003	0.007	0.784	0.001	0.008	0.033	0.030	0.026	0.023
airport-paris-206-6254	airport	airport	0.458	0.005	0.008	0.253	0.002	0.010	0.216	0.035	0.007	0.007
airport-paris-206-6255	airport	airport	0.288	0.045	0.014	0.043	0.006	0.165	0.015	0.187	0.224	0.012
airport-paris-206-6256	street_traffic	airport	0.192	0.047	0.020	0.066	0.004	0.117	0.015	0.029	0.495	0.015
airport-paris-206-6257	metro_station	airport	0.065	0.002	0.004	0.849	0.001	0.004	0.018	0.031	0.012	0.014
airport-paris-206-6258	airport	airport	0.619	0.005	0.007	0.247	0.001	0.027	0.042	0.014	0.031	0.006
airport-paris-206-6259	street_traffic	airport	0.127	0.043	0.026	0.102	0.004	0.090	0.019	0.049	0.525	0.016
airport-paris-206-6260	airport	airport	0.597	0.013	0.005	0.042	0.004	0.130	0.021	0.142	0.033	0.014
airport-paris-206-6261	metro_station	airport	0.045	0.006	0.012	0.827	0.001	0.008	0.012	0.015	0.043	0.029
airport-paris-206-6262	metro_station	airport	0.020	0.001	0.004	0.939	0.000	0.003	0.003	0.007	0.012	0.011
airport-paris-206-6263	metro_station	airport	0.026	0.007	0.019	0.802	0.002	0.010	0.007	0.010	0.072	0.046
airport-paris-206-6264	airport	airport	0.707	0.006	0.006	0.032	0.002	0.100	0.013	0.056	0.071	0.006
airport-paris-206-6265	airport	airport	0.783	0.004	0.005	0.050	0.002	0.039	0.038	0.038	0.033	0.007
airport-paris-206-6266	metro_station	airport	0.045	0.004	0.009	0.825	0.001	0.010	0.004	0.009	0.065	0.029
airport-paris-206-6267	street_traffic	airport	0.063	0.012	0.010	0.034	0.001	0.058	0.004	0.014	0.801	0.003
airport-paris-206-6268	metro_station	airport	0.087	0.004	0.011	0.776	0.001	0.005	0.034	0.015	0.051	0.016
airport-paris-206-6269	metro_station	airport	0.047	0.003	0.009	0.820	0.001	0.011	0.005	0.008	0.069	0.026
airport-paris-206-6270	metro_station	airport	0.011	0.025	0.039	0.761	0.001	0.003	0.004	0.004	0.085	0.067
airport-paris-206-6271	street_traffic	airport	0.088	0.008	0.008	0.036	0.001	0.068	0.003	0.022	0.762	0.003
airport-paris-206-6272	airport	airport	0.380	0.009	0.019	0.351	0.003	0.024	0.139	0.036	0.022	0.018
airport-paris-206-6273	metro_station	airport	0.033	0.001	0.003	0.932	0.000	0.001	0.016	0.005	0.003	0.007
airport-paris-206-6274	metro_station	airport	0.141	0.002	0.008	0.740	0.001	0.010	0.011	0.045	0.019	0.023
airport-paris-206-6275	airport	airport	0.853	0.002	0.003	0.017	0.002	0.009	0.090	0.015	0.005	0.003
airport-paris-206-6276	metro_station	airport	0.108	0.002	0.007	0.808	0.001	0.005	0.018	0.021	0.014	0.016
airport-paris-206-6277	metro_station	airport	0.016	0.003	0.007	0.924	0.000	0.001	0.006	0.003	0.022	0.018
airport-paris-206-6278	airport	airport	0.460	0.029	0.018	0.068	0.004	0.105	0.035	0.046	0.218	0.015
airport-paris-206-6279	metro_station	airport	0.358	0.029	0.049	0.358	0.004	0.033	0.073	0.013	0.041	0.041
airport-paris-206-6280	airport	airport	0.432	0.058	0.026	0.290	0.005	0.037	0.054	0.020	0.047	0.033
airport-paris-206-6281	airport	airport	0.641	0.016	0.015	0.073	0.005	0.033	0.124	0.044	0.031	0.016
airport-paris-206-6282	airport	airport	0.239	0.064	0.034	0.203	0.007	0.076	0.041	0.098	0.183	0.054
airport-prague-1173-44104	airport	airport	0.997	0.000	0.000	0.000	0.000	0.000	0.003	0.000	0.000	0.000
airport-prague-1173-44309	airport	airport	0.989	0.000	0.000	0.001	0.000	0.000	0.010	0.000	0.000	0.000
airport-prague-1173-44354	airport	airport	0.995	0.000	0.000	0.000	0.000	0.001	0.004	0.000	0.000	0.000
airport-prague-1173-44397	airport	airport	0.985	0.000	0.000	0.000	0.000	0.000	0.014	0.000	0.000	0.000
airport-prague-1173-44425	airport	airport	0.984	0.000	0.000	0.001	0.000	0.000	0.014	0.000	0.000	0.000
airport-prague-1173-44592	airport	airport	0.945	0.000	0.000	0.001	0.000	0.000	0.053	0.000	0.000	0.000
airport-prague-1173-44620	airport	airport	0.964	0.000	0.000	0.000	0.000	0.000	0.036	0.000	0.000	0.000
airport-prague-1173-44705	airport	airport	0.987	0.000	0.000	0.002	0.000	0.001	0.008	0.002	0.000	0.000
airport-prague-1173-44800	airport	airport	0.980	0.000	0.000	0.000	0.000	0.001	0.019	0.000	0.000	0.000
airport-prague-1173-44812	airport	airport	0.991	0.000	0.000	0.000	0.000	0.001	0.008	0.000	0.000	0.000
airport-prague-1173-44843	airport	airport	0.992	0.000	0.000	0.000	0.000	0.000	0.008	0.000	0.000	0.000
airport-prague-1173-44938	airport	airport	0.984	0.000	0.000	0.001	0.000	0.000	0.014	0.000	0.000	0.000
airport-prague-1173-44997	airport	airport	0.995	0.000	0.000	0.000	0.000	0.000	0.005	0.000	0.000	0.000
airport-prague-1173-45032	airport	airport	0.991	0.000	0.000	0.000	0.000	0.000	0.008	0.000	0.000	0.000
airport-prague-1173-45158	airport	airport	0.914	0.000	0.000	0.001	0.000	0.000	0.084	0.000	0.000	0.000
airport-prague-1173-45201	airport	airport	0.996	0.000	0.000	0.000	0.000	0.000	0.004	0.000	0.000	0.000
airport-prague-1173-45299	airport	airport	0.994	0.000	0.000	0.000	0.000	0.000	0.006	0.000	0.000	0.000
airport-prague-1173-45336	airport	airport	0.997	0.000	0.000	0.000	0.000	0.001	0.002	0.000	0.000	0.000
airport-prague-1173-45405	airport	airport	0.993	0.000	0.000	0.000	0.000	0.000	0.006	0.000	0.000	0.000
airport-prague-1173-45485	airport	airport	0.995	0.000	0.000	0.000	0.000	0.000	0.004	0.000	0.000	0.000
airport-prague-1173-45640	airport	airport	0.994	0.000	0.000	0.000	0.000	0.000	0.006	0.000	0.000	0.000
airport-prague-1173-45679	airport	airport	0.925	0.000	0.000	0.002	0.000	0.000	0.072	0.000	0.000	0.000
airport-prague-1173-45722	airport	airport	0.994	0.000	0.000	0.000	0.000	0.000	0.005	0.000	0.000	0.000
airport-prague-1173-45742	airport	airport	0.996	0.000	0.000	0.000	0.000	0.000	0.004	0.000	0.000	0.000
airport-prague-1195-44142	airport	airport	0.986	0.000	0.000	0.000	0.000	0.000	0.014	0.000	0.000	0.000
airport-prague-1195-44149	airport	airport	0.855	0.000	0.000	0.002	0.000	0.001	0.135	0.007	0.000	0.000
airport-prague-1195-44169	shopping_mall	airport	0.349	0.000	0.001	0.036	0.000	0.001	0.609	0.004	0.001	0.000
airport-prague-1195-44218	airport	airport	0.925	0.000	0.000	0.000	0.000	0.000	0.073	0.001	0.000	0.000
airport-prague-1195-44333	shopping_mall	airport	0.229	0.000	0.001	0.003	0.000	0.001	0.760	0.007	0.000	0.000
airport-prague-1195-44426	airport	airport	0.929	0.000	0.000	0.002	0.000	0.000	0.068	0.001	0.000	0.000
airport-prague-1195-44435	airport	airport	0.811	0.000	0.000	0.005	0.000	0.002	0.179	0.002	0.001	0.000
airport-prague-1195-44824	airport	airport	0.992	0.000	0.000	0.000	0.000	0.000	0.007	0.000	0.000	0.000
airport-prague-1195-44928	airport	airport	0.680	0.000	0.001	0.003	0.000	0.001	0.306	0.010	0.000	0.000
airport-prague-1195-44947	airport	airport	0.994	0.000	0.000	0.000	0.000	0.000	0.006	0.000	0.000	0.000
airport-prague-1195-45063	airport	airport	0.900	0.000	0.000	0.004	0.000	0.000	0.095	0.001	0.000	0.000
airport-prague-1195-45065	airport	airport	0.748	0.000	0.000	0.015	0.000	0.001	0.232	0.003	0.001	0.000
airport-prague-1195-45096	airport	airport	0.956	0.000	0.000	0.000	0.000	0.000	0.042	0.001	0.000	0.000
airport-prague-1195-45109	airport	airport	0.994	0.000	0.000	0.000	0.000	0.000	0.005	0.000	0.000	0.000
airport-prague-1195-45260	airport	airport	0.922	0.000	0.000	0.001	0.000	0.000	0.073	0.004	0.000	0.000
airport-prague-1195-45265	airport	airport	0.772	0.000	0.000	0.001	0.000	0.000	0.224	0.002	0.000	0.000
airport-prague-1195-45312	airport	airport	0.918	0.000	0.000	0.000	0.000	0.000	0.079	0.002	0.000	0.000
airport-prague-1195-45537	airport	airport	0.857	0.000	0.000	0.003	0.000	0.000	0.138	0.001	0.000	0.000
airport-prague-1195-45597	airport	airport	0.718	0.000	0.001	0.003	0.000	0.002	0.249	0.026	0.001	0.000
airport-prague-1195-45657	airport	airport	0.813	0.000	0.001	0.002	0.000	0.001	0.175	0.008	0.000	0.000
airport-prague-1195-45704	shopping_mall	airport	0.369	0.000	0.002	0.004	0.000	0.001	0.612	0.010	0.001	0.000
airport-prague-1195-45749	airport	airport	0.994	0.000	0.000	0.000	0.000	0.001	0.006	0.000	0.000	0.000
airport-prague-1195-45752	airport	airport	0.821	0.000	0.001	0.002	0.000	0.002	0.152	0.021	0.001	0.000
airport-prague-1195-45754	airport	airport	0.924	0.000	0.000	0.003	0.000	0.000	0.072	0.000	0.000	0.000
airport-stockholm-208-6315	airport	airport	0.772	0.000	0.001	0.069	0.000	0.001	0.148	0.009	0.001	0.000
airport-stockholm-208-6316	airport	airport	0.903	0.000	0.003	0.015	0.000	0.000	0.077	0.001	0.000	0.000
airport-stockholm-208-6317	airport	airport	0.954	0.000	0.001	0.018	0.000	0.000	0.024	0.003	0.000	0.000
airport-stockholm-208-6318	airport	airport	0.949	0.000	0.000	0.017	0.000	0.000	0.034	0.000	0.000	0.000
airport-stockholm-208-6319	airport	airport	0.817	0.000	0.002	0.057	0.000	0.001	0.110	0.010	0.002	0.001
airport-stockholm-208-6320	airport	airport	0.714	0.000	0.001	0.055	0.000	0.000	0.227	0.001	0.001	0.000
airport-stockholm-208-6321	airport	airport	0.969	0.000	0.000	0.002	0.000	0.000	0.027	0.001	0.000	0.000
airport-stockholm-208-6322	airport	airport	0.943	0.000	0.000	0.015	0.000	0.000	0.042	0.000	0.000	0.000
airport-stockholm-208-6323	airport	airport	0.981	0.000	0.000	0.002	0.000	0.000	0.014	0.002	0.000	0.000
airport-stockholm-208-6324	airport	airport	0.972	0.000	0.000	0.010	0.000	0.000	0.017	0.000	0.000	0.000
airport-stockholm-208-6325	airport	airport	0.973	0.000	0.000	0.009	0.000	0.000	0.017	0.000	0.000	0.000
airport-stockholm-208-6326	airport	airport	0.873	0.000	0.001	0.040	0.000	0.000	0.084	0.001	0.000	0.000
airport-stockholm-208-6327	airport	airport	0.689	0.000	0.004	0.116	0.000	0.001	0.182	0.004	0.002	0.001
airport-stockholm-208-6328	airport	airport	0.950	0.000	0.001	0.013	0.000	0.000	0.036	0.000	0.000	0.000
airport-stockholm-208-6329	airport	airport	0.956	0.000	0.000	0.015	0.000	0.000	0.028	0.001	0.000	0.000
airport-stockholm-208-6330	airport	airport	0.949	0.000	0.000	0.022	0.000	0.000	0.028	0.000	0.000	0.000
airport-stockholm-208-6331	airport	airport	0.958	0.000	0.001	0.016	0.000	0.000	0.024	0.001	0.000	0.000
airport-stockholm-208-6332	airport	airport	0.970	0.000	0.000	0.010	0.000	0.000	0.020	0.000	0.000	0.000
airport-stockholm-208-6333	airport	airport	0.965	0.000	0.000	0.016	0.000	0.000	0.018	0.000	0.000	0.000
airport-stockholm-208-6334	airport	airport	0.984	0.000	0.000	0.006	0.000	0.000	0.010	0.000	0.000	0.000
airport-stockholm-208-6335	airport	airport	0.976	0.000	0.000	0.011	0.000	0.000	0.013	0.000	0.000	0.000
airport-stockholm-208-6336	airport	airport	0.803	0.000	0.001	0.064	0.000	0.000	0.129	0.002	0.001	0.000
airport-stockholm-208-6337	airport	airport	0.977	0.000	0.000	0.005	0.000	0.001	0.012	0.005	0.000	0.000
airport-stockholm-208-6338	airport	airport	0.959	0.000	0.001	0.011	0.000	0.000	0.030	0.000	0.000	0.000
airport-stockholm-208-6339	airport	airport	0.929	0.000	0.000	0.012	0.000	0.000	0.053	0.004	0.000	0.000
airport-stockholm-208-6340	airport	airport	0.988	0.000	0.000	0.003	0.000	0.000	0.009	0.000	0.000	0.000
airport-stockholm-208-6341	airport	airport	0.944	0.000	0.001	0.021	0.000	0.000	0.033	0.001	0.000	0.000
airport-stockholm-208-6342	airport	airport	0.974	0.000	0.000	0.009	0.000	0.000	0.016	0.001	0.000	0.000
airport-stockholm-208-6343	airport	airport	0.971	0.000	0.000	0.006	0.000	0.000	0.019	0.002	0.000	0.000
airport-stockholm-208-6344	shopping_mall	airport	0.446	0.000	0.002	0.082	0.000	0.000	0.466	0.003	0.001	0.000
airport-stockholm-208-6345	airport	airport	0.647	0.000	0.001	0.040	0.000	0.001	0.303	0.007	0.001	0.000
airport-stockholm-208-6346	airport	airport	0.940	0.000	0.001	0.024	0.000	0.000	0.035	0.000	0.000	0.000
bus-barcelona-210-6387	tram	bus	0.000	0.075	0.006	0.003	0.001	0.000	0.000	0.001	0.000	0.915
bus-barcelona-210-6388	tram	bus	0.000	0.309	0.008	0.000	0.000	0.000	0.000	0.000	0.000	0.682
bus-barcelona-210-6389	bus	bus	0.000	0.623	0.009	0.000	0.000	0.000	0.000	0.000	0.000	0.367
bus-barcelona-210-6390	bus	bus	0.000	0.528	0.005	0.000	0.000	0.000	0.000	0.000	0.000	0.466
bus-barcelona-210-6391	bus	bus	0.000	0.708	0.050	0.000	0.000	0.000	0.000	0.000	0.002	0.238
bus-barcelona-210-6392	bus	bus	0.000	0.749	0.101	0.001	0.000	0.000	0.002	0.000	0.004	0.142
bus-barcelona-210-6393	bus	bus	0.001	0.470	0.270	0.004	0.002	0.001	0.006	0.000	0.015	0.231
bus-barcelona-210-6394	tram	bus	0.000	0.185	0.194	0.003	0.002	0.001	0.002	0.000	0.004	0.609
bus-barcelona-210-6395	bus	bus	0.000	0.942	0.002	0.000	0.000	0.000	0.000	0.000	0.000	0.057
bus-barcelona-210-6396	tram	bus	0.000	0.178	0.009	0.001	0.000	0.000	0.000	0.000	0.000	0.812
bus-barcelona-210-6397	bus	bus	0.000	0.898	0.026	0.000	0.000	0.000	0.000	0.000	0.001	0.075
bus-barcelona-210-6398	tram	bus	0.000	0.472	0.006	0.000	0.000	0.000	0.000	0.000	0.000	0.521
bus-barcelona-210-6399	bus	bus	0.000	0.577	0.149	0.003	0.001	0.000	0.006	0.000	0.005	0.259
bus-barcelona-210-6400	bus	bus	0.000	0.695	0.029	0.001	0.001	0.000	0.000	0.000	0.002	0.273
bus-barcelona-210-6401	bus	bus	0.001	0.417	0.317	0.008	0.004	0.000	0.007	0.000	0.009	0.237
bus-barcelona-210-6402	bus	bus	0.000	0.595	0.053	0.001	0.000	0.000	0.001	0.000	0.001	0.349
bus-barcelona-210-6403	bus	bus	0.000	0.662	0.126	0.002	0.000	0.000	0.003	0.000	0.003	0.204
bus-barcelona-210-6404	tram	bus	0.000	0.421	0.042	0.002	0.001	0.000	0.001	0.000	0.002	0.531
bus-barcelona-210-6405	tram	bus	0.000	0.481	0.006	0.000	0.000	0.000	0.000	0.000	0.000	0.512
bus-barcelona-210-6406	bus	bus	0.000	0.644	0.110	0.001	0.001	0.000	0.001	0.000	0.002	0.242
bus-barcelona-210-6407	bus	bus	0.000	0.630	0.003	0.000	0.000	0.000	0.000	0.000	0.000	0.367
bus-barcelona-210-6408	bus	bus	0.000	0.832	0.035	0.000	0.001	0.000	0.000	0.000	0.001	0.130
bus-barcelona-210-6409	bus	bus	0.000	0.929	0.040	0.000	0.000	0.000	0.000	0.000	0.002	0.028
bus-barcelona-210-6410	bus	bus	0.000	0.835	0.003	0.000	0.000	0.000	0.000	0.000	0.000	0.161
bus-barcelona-210-6411	tram	bus	0.000	0.088	0.006	0.000	0.000	0.000	0.000	0.000	0.000	0.906
bus-barcelona-210-6412	tram	bus	0.000	0.441	0.024	0.000	0.001	0.000	0.000	0.000	0.000	0.534
bus-barcelona-210-6413	bus	bus	0.000	0.811	0.017	0.000	0.000	0.000	0.000	0.000	0.001	0.170
bus-barcelona-210-6414	bus	bus	0.000	0.757	0.033	0.001	0.000	0.000	0.001	0.000	0.002	0.206
bus-barcelona-210-6415	bus	bus	0.000	0.650	0.071	0.001	0.000	0.000	0.001	0.000	0.002	0.274
bus-barcelona-210-6416	bus	bus	0.000	0.746	0.064	0.001	0.000	0.000	0.001	0.000	0.002	0.186
bus-barcelona-210-6417	bus	bus	0.000	0.806	0.018	0.000	0.000	0.000	0.001	0.000	0.001	0.175
bus-barcelona-210-6418	tram	bus	0.000	0.484	0.005	0.000	0.000	0.000	0.000	0.000	0.000	0.510
bus-barcelona-210-6419	bus	bus	0.000	0.608	0.008	0.000	0.000	0.000	0.000	0.000	0.000	0.383
bus-barcelona-210-6420	bus	bus	0.000	0.844	0.032	0.001	0.000	0.000	0.001	0.000	0.002	0.121
bus-barcelona-210-6421	bus	bus	0.000	0.650	0.068	0.000	0.000	0.000	0.001	0.000	0.002	0.278
bus-barcelona-210-6422	bus	bus	0.000	0.699	0.036	0.000	0.000	0.000	0.000	0.000	0.001	0.264
bus-helsinki-211-6424	bus	bus	0.000	0.882	0.084	0.001	0.000	0.000	0.003	0.000	0.017	0.012
bus-helsinki-211-6425	bus	bus	0.000	0.877	0.010	0.000	0.001	0.000	0.000	0.000	0.001	0.111
bus-helsinki-211-6426	bus	bus	0.000	0.993	0.001	0.000	0.000	0.000	0.000	0.000	0.001	0.005
bus-helsinki-211-6427	bus	bus	0.000	0.740	0.055	0.001	0.001	0.001	0.001	0.000	0.004	0.196
bus-helsinki-211-6428	bus	bus	0.000	0.842	0.103	0.002	0.001	0.000	0.005	0.000	0.021	0.025
bus-helsinki-211-6429	bus	bus	0.001	0.570	0.172	0.004	0.002	0.001	0.005	0.001	0.013	0.231
bus-helsinki-211-6430	bus	bus	0.000	0.995	0.001	0.000	0.000	0.000	0.000	0.000	0.001	0.003
bus-helsinki-211-6431	bus	bus	0.000	0.784	0.035	0.000	0.001	0.000	0.000	0.000	0.001	0.178
bus-helsinki-211-6433	bus	bus	0.000	0.991	0.001	0.000	0.000	0.000	0.000	0.000	0.001	0.006
bus-helsinki-211-6434	bus	bus	0.000	0.926	0.007	0.001	0.000	0.000	0.000	0.000	0.004	0.061
bus-helsinki-211-6435	bus	bus	0.000	0.965	0.003	0.001	0.001	0.001	0.000	0.000	0.003	0.026
bus-helsinki-211-6436	bus	bus	0.000	0.980	0.003	0.000	0.000	0.000	0.000	0.000	0.003	0.013
bus-helsinki-211-6437	bus	bus	0.000	0.459	0.111	0.002	0.002	0.001	0.002	0.000	0.005	0.419
bus-helsinki-211-6438	bus	bus	0.000	0.980	0.008	0.000	0.000	0.000	0.000	0.000	0.006	0.004
bus-helsinki-211-6439	bus	bus	0.000	0.582	0.054	0.001	0.002	0.001	0.001	0.000	0.003	0.356
bus-helsinki-211-6440	bus	bus	0.000	0.899	0.011	0.000	0.001	0.000	0.000	0.000	0.001	0.088
bus-helsinki-211-6442	bus	bus	0.000	0.861	0.097	0.002	0.000	0.000	0.005	0.000	0.021	0.014
bus-helsinki-211-6443	bus	bus	0.000	0.942	0.004	0.000	0.002	0.001	0.000	0.000	0.001	0.050
bus-helsinki-211-6444	bus	bus	0.000	0.950	0.002	0.002	0.000	0.001	0.000	0.000	0.002	0.041
bus-helsinki-211-6445	bus	bus	0.000	0.730	0.113	0.001	0.001	0.001	0.002	0.000	0.009	0.142
bus-helsinki-211-6448	bus	bus	0.000	0.760	0.026	0.000	0.001	0.000	0.001	0.000	0.001	0.210
bus-helsinki-211-6449	bus	bus	0.000	0.970	0.004	0.001	0.000	0.000	0.000	0.000	0.002	0.022
bus-helsinki-211-6450	bus	bus	0.000	0.930	0.005	0.000	0.001	0.000	0.000	0.000	0.001	0.062
bus-helsinki-211-6452	bus	bus	0.000	0.872	0.025	0.001	0.001	0.000	0.001	0.000	0.003	0.097
bus-helsinki-211-6453	bus	bus	0.000	0.987	0.001	0.000	0.000	0.000	0.000	0.000	0.001	0.010
bus-helsinki-211-6454	bus	bus	0.000	0.996	0.000	0.000	0.000	0.000	0.000	0.000	0.000	0.003
bus-helsinki-211-6455	bus	bus	0.000	0.996	0.000	0.000	0.000	0.000	0.000	0.000	0.001	0.002
bus-helsinki-211-6457	bus	bus	0.000	0.907	0.066	0.001	0.000	0.000	0.003	0.000	0.012	0.011
bus-helsinki-211-6458	bus	bus	0.000	0.987	0.001	0.000	0.000	0.000	0.000	0.000	0.001	0.010
bus-helsinki-211-6459	bus	bus	0.001	0.935	0.009	0.005	0.001	0.002	0.002	0.000	0.010	0.036
bus-helsinki-211-6460	bus	bus	0.000	0.847	0.020	0.001	0.001	0.000	0.001	0.000	0.002	0.129
bus-helsinki-211-6461	bus	bus	0.000	0.908	0.014	0.000	0.001	0.000	0.000	0.000	0.001	0.076
bus-helsinki-211-6464	bus	bus	0.000	0.993	0.001	0.000	0.000	0.000	0.000	0.000	0.001	0.005
bus-helsinki-211-6465	bus	bus	0.000	0.912	0.007	0.000	0.001	0.000	0.000	0.000	0.001	0.079
bus-helsinki-211-6466	bus	bus	0.000	0.983	0.004	0.000	0.000	0.000	0.000	0.000	0.003	0.009
bus-lisbon-1212-44206	tram	bus	0.001	0.380	0.002	0.001	0.000	0.002	0.001	0.000	0.001	0.613
bus-lisbon-1212-44271	bus	bus	0.000	0.965	0.001	0.000	0.000	0.000	0.000	0.000	0.000	0.034
bus-lisbon-1212-44366	bus	bus	0.000	0.948	0.003	0.000	0.000	0.000	0.001	0.000	0.002	0.046
bus-lisbon-1212-44406	bus	bus	0.000	0.886	0.001	0.000	0.000	0.001	0.000	0.000	0.001	0.110
bus-lisbon-1212-44414	bus	bus	0.003	0.715	0.013	0.004	0.001	0.004	0.009	0.001	0.009	0.242
bus-lisbon-1212-44463	bus	bus	0.000	0.946	0.001	0.000	0.000	0.000	0.000	0.000	0.001	0.051
bus-lisbon-1212-44498	bus	bus	0.000	0.934	0.002	0.000	0.000	0.001	0.001	0.000	0.001	0.060
bus-lisbon-1212-44531	bus	bus	0.000	0.942	0.001	0.000	0.000	0.000	0.000	0.000	0.000	0.056
bus-lisbon-1212-45080	bus	bus	0.000	0.950	0.001	0.000	0.000	0.000	0.000	0.000	0.000	0.048
bus-lisbon-1212-45457	bus	bus	0.002	0.684	0.008	0.006	0.000	0.001	0.006	0.000	0.002	0.291
bus-lisbon-1212-45534	tram	bus	0.001	0.253	0.002	0.001	0.000	0.001	0.001	0.000	0.001	0.741
bus-lisbon-1212-45548	bus	bus	0.001	0.884	0.007	0.001	0.001	0.003	0.003	0.000	0.005	0.095
bus-lisbon-1212-45601	bus	bus	0.000	0.974	0.003	0.000	0.000	0.001	0.001	0.000	0.001	0.020
bus-lisbon-1212-45715	tram	bus	0.000	0.475	0.002	0.000	0.000	0.001	0.001	0.000	0.001	0.520
bus-lisbon-1223-44393	bus	bus	0.000	0.941	0.023	0.001	0.000	0.000	0.000	0.000	0.001	0.034
bus-lisbon-1223-44407	bus	bus	0.000	0.964	0.004	0.000	0.000	0.000	0.000	0.000	0.000	0.031
bus-lisbon-1223-44429	bus	bus	0.000	0.720	0.018	0.002	0.000	0.000	0.001	0.000	0.001	0.257
bus-lisbon-1223-44483	bus	bus	0.000	0.762	0.099	0.002	0.000	0.000	0.001	0.000	0.002	0.133
bus-lisbon-1223-44593	bus	bus	0.000	0.976	0.019	0.000	0.000	0.000	0.000	0.000	0.000	0.005
bus-lisbon-1223-44619	bus	bus	0.000	0.962	0.024	0.000	0.000	0.000	0.000	0.000	0.001	0.012
bus-lisbon-1223-44695	bus	bus	0.000	0.912	0.012	0.003	0.000	0.000	0.000	0.000	0.001	0.071
bus-lisbon-1223-44799	bus	bus	0.000	0.957	0.009	0.001	0.000	0.000	0.000	0.000	0.000	0.032
bus-lisbon-1223-45057	bus	bus	0.000	0.852	0.078	0.003	0.000	0.000	0.001	0.000	0.002	0.064
bus-lisbon-1223-45220	bus	bus	0.000	0.846	0.014	0.002	0.000	0.000	0.000	0.000	0.001	0.136
bus-lisbon-1223-45244	bus	bus	0.000	0.692	0.116	0.008	0.000	0.000	0.001	0.000	0.003	0.180
bus-lisbon-1223-45639	bus	bus	0.000	0.792	0.054	0.003	0.000	0.000	0.000	0.000	0.002	0.148
bus-lisbon-1223-45689	bus	bus	0.000	0.658	0.171	0.004	0.001	0.001	0.002	0.000	0.006	0.157
bus-lisbon-1226-44491	bus	bus	0.000	0.580	0.002	0.001	0.000	0.000	0.000	0.000	0.000	0.416
bus-lisbon-1226-44523	tram	bus	0.000	0.229	0.006	0.003	0.000	0.000	0.000	0.000	0.000	0.761
bus-lisbon-1226-44601	bus	bus	0.000	0.704	0.008	0.000	0.000	0.000	0.000	0.000	0.000	0.287
bus-lisbon-1226-44607	bus	bus	0.000	0.920	0.001	0.000	0.000	0.000	0.000	0.000	0.000	0.079
bus-lisbon-1226-44871	bus	bus	0.000	0.968	0.000	0.000	0.000	0.000	0.000	0.000	0.000	0.032
bus-lisbon-1226-45035	bus	bus	0.000	0.694	0.007	0.000	0.000	0.000	0.000	0.000	0.000	0.299
bus-lisbon-1226-45078	bus	bus	0.000	0.657	0.002	0.000	0.000	0.000	0.000	0.000	0.000	0.340
bus-lisbon-1226-45085	tram	bus	0.000	0.290	0.175	0.001	0.000	0.000	0.001	0.000	0.001	0.531
bus-lisbon-1226-45095	bus	bus	0.000	0.741	0.011	0.000	0.000	0.000	0.000	0.000	0.000	0.248
bus-lisbon-1226-45100	bus	bus	0.000	0.823	0.007	0.000	0.000	0.000	0.000	0.000	0.000	0.170
bus-lisbon-1226-45496	tram	bus	0.000	0.267	0.006	0.004	0.000	0.000	0.000	0.000	0.000	0.722
bus-lisbon-1226-45544	tram	bus	0.000	0.234	0.171	0.000	0.000	0.000	0.000	0.000	0.000	0.594
bus-lisbon-1226-45632	tram	bus	0.000	0.163	0.004	0.000	0.000	0.000	0.000	0.000	0.000	0.832
bus-lisbon-1226-45756	bus	bus	0.000	0.624	0.002	0.001	0.000	0.000	0.000	0.000	0.000	0.373
bus-lyon-1177-44109	bus	bus	0.000	0.979	0.003	0.000	0.000	0.000	0.000	0.000	0.000	0.018
bus-lyon-1177-44129	bus	bus	0.000	0.987	0.003	0.000	0.000	0.000	0.000	0.000	0.000	0.010
bus-lyon-1177-44159	bus	bus	0.000	0.979	0.012	0.000	0.000	0.000	0.000	0.000	0.000	0.009
bus-lyon-1177-44178	bus	bus	0.000	0.974	0.002	0.000	0.000	0.000	0.000	0.000	0.000	0.023
bus-lyon-1177-44264	bus	bus	0.001	0.583	0.006	0.000	0.001	0.001	0.000	0.000	0.000	0.407
bus-lyon-1177-44268	bus	bus	0.000	0.970	0.004	0.000	0.000	0.000	0.000	0.000	0.000	0.026
bus-lyon-1177-44565	bus	bus	0.000	0.964	0.003	0.000	0.000	0.000	0.000	0.000	0.000	0.033
bus-lyon-1177-44753	bus	bus	0.000	0.705	0.012	0.000	0.001	0.000	0.000	0.000	0.000	0.281
bus-lyon-1177-44874	bus	bus	0.000	0.715	0.007	0.000	0.000	0.000	0.000	0.000	0.000	0.277
bus-lyon-1177-45193	bus	bus	0.000	0.998	0.001	0.000	0.000	0.000	0.000	0.000	0.000	0.001
bus-lyon-1177-45275	bus	bus	0.000	0.793	0.025	0.000	0.002	0.000	0.000	0.000	0.000	0.180
