aid	scene_pred	scene_label	airport	bus	metro	metro_station	park	public_square	shopping_mall	street_pedestrian	street_traffic	tram
airport-lisbon-1175-44106	metro_station	airport	0.376	0.000	0.001	0.556	0.000	0.000	0.063	0.002	0.000	0.000
airport-lisbon-1175-44186	metro_station	airport	0.027	0.000	0.002	0.888	0.000	0.000	0.083	0.000	0.000	0.000
airport-lisbon-1175-44210	shopping_mall	airport	0.132	0.001	0.007	0.014	0.000	0.000	0.841	0.003	0.000	0.002
airport-lisbon-1175-44233	shopping_mall	airport	0.076	0.000	0.007	0.019	0.000	0.000	0.897	0.001	0.000	0.000
airport-lisbon-1175-44296	shopping_mall	airport	0.043	0.000	0.023	0.017	0.000	0.000	0.912	0.003	0.000	0.002
airport-lisbon-1175-44606	shopping_mall	airport	0.206	0.001	0.008	0.009	0.000	0.000	0.772	0.003	0.000	0.001
airport-lisbon-1175-44669	airport	airport	0.529	0.001	0.004	0.008	0.000	0.001	0.441	0.015	0.000	0.002
airport-lisbon-1175-44691	metro_station	airport	0.066	0.000	0.002	0.851	0.000	0.000	0.080	0.001	0.000	0.000
airport-lisbon-1175-44700	shopping_mall	airport	0.364	0.007	0.071	0.022	0.000	0.002	0.430	0.061	0.000	0.044
airport-lisbon-1175-44702	airport	airport	0.946	0.000	0.000	0.023	0.000	0.000	0.028	0.002	0.000	0.000
airport-lisbon-1175-44703	airport	airport	0.454	0.001	0.023	0.044	0.000	0.001	0.452	0.016	0.000	0.008
airport-lisbon-1175-44708	airport	airport	0.952	0.000	0.000	0.021	0.000	0.000	0.024	0.002	0.000	0.000
airport-lisbon-1175-44791	shopping_mall	airport	0.471	0.000	0.010	0.009	0.000	0.001	0.488	0.019	0.000	0.001
airport-lisbon-1175-44813	shopping_mall	airport	0.183	0.007	0.215	0.025	0.000	0.001	0.543	0.008	0.000	0.017
airport-lisbon-1175-44864	airport	airport	0.542	0.001	0.028	0.019	0.000	0.001	0.376	0.029	0.000	0.004
airport-lisbon-1175-44916	metro_station	airport	0.042	0.000	0.001	0.914	0.000	0.000	0.041	0.001	0.000	0.000
airport-lisbon-1175-44918	airport	airport	0.985	0.000	0.000	0.002	0.000	0.000	0.012	0.001	0.000	0.000
airport-lisbon-1175-45070	metro_station	airport	0.108	0.000	0.003	0.828	0.000	0.000	0.060	0.001	0.000	0.000
airport-lisbon-1175-45108	metro_station	airport	0.056	0.000	0.001	0.915	0.000	0.000	0.027	0.001	0.000	0.000
airport-lisbon-1175-45126	metro_station	airport	0.054	0.000	0.005	0.916	0.000	0.000	0.023	0.001	0.000	0.001
airport-lisbon-1175-45127	metro_station	airport	0.121	0.000	0.002	0.713	0.000	0.000	0.162	0.001	0.000	0.000
airport-lisbon-1175-45213	metro_station	airport	0.046	0.000	0.002	0.938	0.000	0.000	0.013	0.001	0.000	0.000
airport-lisbon-1175-45300	airport	airport	0.977	0.000	0.000	0.004	0.000	0.000	0.017	0.002	0.000	0.000
airport-lisbon-1175-45340	metro_station	airport	0.081	0.000	0.001	0.882	0.000	0.000	0.034	0.001	0.000	0.000
airport-lisbon-1175-45350	metro_station	airport	0.099	0.000	0.001	0.705	0.000	0.000	0.193	0.001	0.000	0.000
airport-lisbon-1175-45351	metro_station	airport	0.082	0.000	0.001	0.881	0.000	0.000	0.034	0.001	0.000	0.000
airport-lisbon-1175-45357	metro_station	airport	0.081	0.000	0.004	0.882	0.000	0.000	0.033	0.000	0.000	0.000
airport-lisbon-1175-45362	metro_station	airport	0.081	0.000	0.002	0.708	0.000	0.000	0.208	0.001	0.000	0.000
airport-lisbon-1175-45450	metro_station	airport	0.015	0.000	0.001	0.959	0.000	0.000	0.025	0.000	0.000	0.000
airport-lisbon-1175-45451	metro_station	airport	0.386	0.000	0.003	0.568	0.000	0.000	0.041	0.002	0.000	0.000
airport-lisbon-1175-45539	airport	airport	0.947	0.000	0.000	0.023	0.000	0.000	0.027	0.002	0.000	0.000
airport-lisbon-1175-45585	shopping_mall	airport	0.058	0.000	0.014	0.026	0.000	0.000	0.899	0.001	0.000	0.001
airport-lisbon-1175-45593	airport	airport	0.512	0.000	0.001	0.418	0.000	0.000	0.065	0.003	0.000	0.000
airport-lisbon-1175-45692	metro_station	airport	0.221	0.000	0.001	0.742	0.000	0.000	0.034	0.001	0.000	0.000
airport-lisbon-1175-45707	shopping_mall	airport	0.247	0.000	0.065	0.036	0.000	0.000	0.642	0.005	0.000	0.004
airport-lisbon-1175-45732	airport	airport	0.530	0.021	0.083	0.017	0.000	0.005	0.258	0.050	0.001	0.034
airport-london-205-6178	shopping_mall	airport	0.051	0.000	0.006	0.375	0.000	0.000	0.562	0.003	0.001	0.001
airport-london-205-6179	shopping_mall	airport	0.011	0.000	0.000	0.014	0.000	0.000	0.974	0.001	0.000	0.000
airport-london-205-6180	airport	airport	0.637	0.000	0.001	0.055	0.000	0.001	0.252	0.053	0.000	0.000
airport-london-205-6183	airport	airport	0.438	0.000	0.000	0.002	0.000	0.014	0.253	0.292	0.001	0.000
airport-london-205-6184	shopping_mall	airport	0.216	0.000	0.000	0.009	0.000	0.001	0.749	0.025	0.000	0.000
airport-london-205-6186	shopping_mall	airport	0.010	0.000	0.000	0.011	0.000	0.000	0.977	0.002	0.000	0.000
airport-london-205-6189	shopping_mall	airport	0.207	0.000	0.003	0.057	0.000	0.003	0.479	0.246	0.001	0.003
airport-london-205-6190	airport	airport	0.525	0.000	0.000	0.003	0.000	0.001	0.447	0.023	0.000	0.000
airport-london-205-6191	shopping_mall	airport	0.329	0.000	0.001	0.038	0.000	0.002	0.577	0.052	0.001	0.000
airport-london-205-6192	airport	airport	0.564	0.000	0.000	0.003	0.000	0.002	0.390	0.040	0.000	0.000
airport-london-205-6193	shopping_mall	airport	0.306	0.001	0.009	0.034	0.000	0.005	0.608	0.032	0.002	0.003
airport-london-205-6194	shopping_mall	airport	0.223	0.000	0.002	0.010	0.000	0.001	0.736	0.027	0.000	0.001
airport-london-205-6195	shopping_mall	airport	0.218	0.000	0.001	0.002	0.000	0.010	0.638	0.130	0.001	0.000
airport-london-205-6197	airport	airport	0.568	0.000	0.001	0.004	0.000	0.014	0.286	0.125	0.001	0.001
airport-london-205-6199	shopping_mall	airport	0.013	0.000	0.000	0.006	0.000	0.000	0.978	0.002	0.000	0.000
airport-london-205-6200	shopping_mall	airport	0.066	0.000	0.000	0.001	0.000	0.001	0.918	0.014	0.000	0.000
airport-london-205-6202	airport	airport	0.580	0.000	0.001	0.020	0.000	0.001	0.354	0.043	0.000	0.000
airport-london-205-6203	shopping_mall	airport	0.278	0.001	0.002	0.025	0.000	0.004	0.604	0.085	0.001	0.001
airport-london-205-6204	street_pedestrian	airport	0.284	0.001	0.006	0.095	0.001	0.011	0.212	0.383	0.003	0.005
airport-london-205-6206	shopping_mall	airport	0.021	0.000	0.000	0.019	0.000	0.000	0.954	0.005	0.000	0.000
airport-london-205-6207	airport	airport	0.473	0.000	0.001	0.018	0.000	0.006	0.272	0.229	0.001	0.001
airport-london-205-6209	shopping_mall	airport	0.334	0.000	0.002	0.060	0.000	0.001	0.575	0.027	0.001	0.001
airport-london-205-6210	shopping_mall	airport	0.071	0.000	0.001	0.019	0.000	0.000	0.904	0.006	0.000	0.000
airport-london-205-6211	shopping_mall	airport	0.116	0.000	0.001	0.017	0.000	0.001	0.848	0.017	0.000	0.000
airport-london-205-6212	shopping_mall	airport	0.067	0.000	0.001	0.027	0.000	0.001	0.888	0.016	0.001	0.000
airport-london-205-6213	airport	airport	0.520	0.000	0.001	0.002	0.000	0.011	0.345	0.121	0.001	0.000
airport-london-205-6214	shopping_mall	airport	0.268	0.000	0.000	0.010	0.000	0.001	0.682	0.037	0.001	0.000
airport-london-205-6215	shopping_mall	airport	0.171	0.000	0.001	0.010	0.000	0.001	0.796	0.021	0.000	0.000
airport-london-205-6216	shopping_mall	airport	0.011	0.000	0.000	0.013	0.000	0.000	0.972	0.003	0.000	0.000
airport-london-205-6217	shopping_mall	airport	0.141	0.000	0.000	0.001	0.000	0.014	0.723	0.118	0.002	0.000
airport-london-205-6219	shopping_mall	airport	0.199	0.000	0.003	0.013	0.000	0.002	0.742	0.039	0.001	0.001
airport-london-205-6220	shopping_mall	airport	0.186	0.001	0.002	0.060	0.000	0.005	0.628	0.114	0.002	0.002
airport-london-205-6222	shopping_mall	airport	0.224	0.000	0.000	0.003	0.000	0.007	0.680	0.084	0.001	0.000
airport-london-205-6223	shopping_mall	airport	0.311	0.000	0.001	0.008	0.000	0.003	0.643	0.033	0.001	0.000
airport-london-205-6224	shopping_mall	airport	0.292	0.000	0.000	0.004	0.000	0.002	0.652	0.049	0.000	0.000
airport-london-205-6225	shopping_mall	airport	0.371	0.000	0.000	0.004	0.000	0.004	0.537	0.083	0.001	0.000
airport-london-205-6226	shopping_mall	airport	0.051	0.000	0.001	0.011	0.000	0.006	0.833	0.097	0.003	0.001
airport-london-205-6227	airport	airport	0.746	0.000	0.000	0.018	0.000	0.001	0.217	0.018	0.000	0.000
airport-london-205-6228	airport	airport	0.639	0.000	0.001	0.022	0.000	0.005	0.151	0.181	0.001	0.001
airport-london-205-6229	shopping_mall	airport	0.272	0.000	0.000	0.004	0.000	0.002	0.644	0.076	0.000	0.000
airport-london-205-6230	airport	airport	0.471	0.001	0.003	0.007	0.001	0.023	0.249	0.242	0.002	0.002
airport-london-205-6231	shopping_mall	airport	0.106	0.000	0.000	0.003	0.000	0.000	0.884	0.006	0.000	0.000
airport-london-205-6232	street_pedestrian	airport	0.277	0.000	0.001	0.014	0.000	0.007	0.147	0.552	0.001	0.001
airport-london-205-6233	shopping_mall	airport	0.383	0.000	0.000	0.004	0.000	0.002	0.563	0.047	0.000	0.000
airport-london-205-6234	shopping_mall	airport	0.073	0.001	0.002	0.036	0.000	0.009	0.677	0.196	0.004	0.003
airport-london-205-6235	shopping_mall	airport	0.224	0.000	0.003	0.012	0.000	0.003	0.734	0.023	0.001	0.001
airport-london-205-6236	shopping_mall	airport	0.168	0.000	0.003	0.010	0.000	0.008	0.602	0.206	0.002	0.002
airport-lyon-1169-44100	airport	airport	0.721	0.000	0.000	0.000	0.000	0.003	0.054	0.222	0.000	0.000
airport-lyon-1169-44127	shopping_mall	airport	0.235	0.000	0.000	0.008	0.000	0.000	0.754	0.003	0.000	0.000
airport-lyon-1169-44227	street_pedestrian	airport	0.390	0.000	0.000	0.000	0.000	0.005	0.136	0.468	0.000	0.000
airport-lyon-1169-44279	shopping_mall	airport	0.029	0.000	0.000	0.012	0.000	0.000	0.958	0.001	0.000	0.000
airport-lyon-1169-44283	airport	airport	0.885	0.000	0.000	0.001	0.000	0.001	0.068	0.044	0.000	0.000
airport-lyon-1169-44314	shopping_mall	airport	0.134	0.000	0.000	0.002	0.000	0.000	0.863	0.001	0.000	0.000
airport-lyon-1169-44321	shopping_mall	airport	0.323	0.000	0.000	0.019	0.000	0.000	0.656	0.001	0.000	0.000
airport-lyon-1169-44330	airport	airport	0.756	0.000	0.000	0.000	0.000	0.000	0.204	0.038	0.000	0.000
airport-lyon-1169-44348	shopping_mall	airport	0.142	0.000	0.000	0.013	0.000	0.000	0.844	0.000	0.000	0.000
airport-lyon-1169-44351	airport	airport	0.741	0.000	0.000	0.001	0.000	0.001	0.205	0.052	0.000	0.000
airport-lyon-1169-44363	shopping_mall	airport	0.292	0.000	0.000	0.057	0.000	0.000	0.649	0.002	0.000	0.000
airport-lyon-1169-44387	shopping_mall	airport	0.163	0.000	0.000	0.002	0.000	0.000	0.833	0.001	0.000	0.000
airport-lyon-1169-44430	airport	airport	0.942	0.000	0.000	0.000	0.000	0.000	0.050	0.007	0.000	0.000
airport-lyon-1169-44433	airport	airport	0.643	0.000	0.000	0.001	0.000	0.000	0.328	0.028	0.000	0.000
airport-lyon-1169-44434	airport	airport	0.531	0.000	0.000	0.013	0.000	0.000	0.451	0.004	0.000	0.000
airport-lyon-1169-44446	airport	airport	0.461	0.000	0.001	0.083	0.000	0.000	0.454	0.001	0.000	0.000
airport-lyon-1169-44486	airport	airport	0.819	0.000	0.000	0.001	0.000	0.000	0.172	0.008	0.000	0.000
airport-lyon-1169-44497	shopping_mall	airport	0.459	0.000	0.000	0.005	0.000	0.000	0.534	0.001	0.000	0.000
airport-lyon-1169-44528	airport	airport	0.944	0.000	0.000	0.001	0.000	0.000	0.048	0.007	0.000	0.000
airport-lyon-1169-44570	airport	airport	0.759	0.000	0.000	0.001	0.000	0.001	0.134	0.105	0.000	0.000
airport-lyon-1169-44738	airport	airport	0.940	0.000	0.000	0.000	0.000	0.000	0.047	0.012	0.000	0.000
airport-lyon-1169-44782	shopping_mall	airport	0.224	0.000	0.000	0.017	0.000	0.000	0.758	0.001	0.000	0.000
airport-lyon-1169-44981	airport	airport	0.922	0.000	0.000	0.000	0.000	0.000	0.066	0.012	0.000	0.000
airport-lyon-1169-45068	airport	airport	0.934	0.000	0.000	0.001	0.000	0.000	0.056	0.009	0.000	0.000
airport-lyon-1169-45129	shopping_mall	airport	0.268	0.000	0.000	0.006	0.000	0.000	0.722	0.003	0.000	0.000
airport-lyon-1169-45185	airport	airport	0.603	0.000	0.000	0.000	0.000	0.002	0.197	0.197	0.000	0.000
airport-lyon-1169-45263	airport	airport	0.740	0.000	0.000	0.001	0.000	0.001	0.171	0.086	0.000	0.000
airport-lyon-1169-45296	airport	airport	0.976	0.000	0.000	0.000	0.000	0.000	0.016	0.007	0.000	0.000
airport-lyon-1169-45396	airport	airport	0.869	0.000	0.000	0.000	0.000	0.001	0.048	0.081	0.000	0.000
airport-lyon-1169-45487	airport	airport	0.898	0.000	0.000	0.000	0.000	0.001	0.076	0.025	0.000	0.000
airport-lyon-1169-45498	airport	airport	0.600	0.000	0.000	0.001	0.000	0.004	0.091	0.304	0.000	0.000
airport-lyon-1169-45519	airport	airport	0.727	0.000	0.000	0.001	0.000	0.001	0.247	0.024	0.000	0.000
airport-lyon-1169-45560	airport	airport	0.971	0.000	0.000	0.000	0.000	0.000	0.020	0.008	0.000	0.000
airport-lyon-1169-45588	airport	airport	0.750	0.000	0.000	0.001	0.000	0.001	0.182	0.066	0.000	0.000
airport-lyon-1169-45628	airport	airport	0.758	0.000	0.000	0.001	0.000	0.001	0.160	0.080	0.000	0.000
airport-lyon-1169-45672	airport	airport	0.854	0.000	0.000	0.000	0.000	0.000	0.132	0.013	0.000	0.000
airport-milan-1172-44103	shopping_mall	airport	0.183	0.000	0.000	0.001	0.000	0.001	0.796	0.019	0.000	0.000
airport-milan-1172-44126	shopping_mall	airport	0.040	0.000	0.000	0.000	0.000	0.076	0.622	0.258	0.005	0.000
airport-milan-1172-44205	shopping_mall	airport	0.305	0.000	0.000	0.006	0.000	0.007	0.515	0.166	0.001	0.000
airport-milan-1172-44215	shopping_mall	airport	0.049	0.000	0.000	0.001	0.000	0.009	0.705	0.234	0.002	0.000
airport-milan-1172-44376	shopping_mall	airport	0.104	0.000	0.000	0.001	0.000	0.073	0.589	0.228	0.006	0.000
airport-milan-1172-44409	shopping_mall	airport	0.042	0.000	0.000	0.002	0.000	0.004	0.879	0.071	0.002	0.000
airport-milan-1172-44524	airport	airport	0.512	0.000	0.000	0.004	0.000	0.001	0.440	0.042	0.000	0.000
airport-milan-1172-44533	shopping_mall	airport	0.034	0.000	0.020	0.019	0.000	0.000	0.903	0.015	0.000	0.008
airport-milan-1172-44567	shopping_mall	airport	0.048	0.000	0.000	0.002	0.000	0.006	0.845	0.097	0.002	0.000
airport-milan-1172-44586	street_pedestrian	airport	0.034	0.000	0.000	0.000	0.000	0.103	0.325	0.534	0.004	0.000
airport-milan-1172-44624	airport	airport	0.731	0.000	0.000	0.001	0.000	0.001	0.260	0.007	0.000	0.000
airport-milan-1172-44661	airport	airport	0.432	0.000	0.000	0.001	0.000	0.016	0.389	0.160	0.001	0.000
airport-milan-1172-44687	airport	airport	0.604	0.000	0.000	0.001	0.000	0.011	0.238	0.146	0.001	0.000
airport-milan-1172-44762	airport	airport	0.690	0.000	0.000	0.001	0.000	0.005	0.231	0.073	0.000	0.000
airport-milan-1172-44768	airport	airport	0.655	0.000	0.000	0.001	0.000	0.004	0.283	0.056	0.000	0.000
airport-milan-1172-44819	airport	airport	0.799	0.000	0.000	0.001	0.000	0.002	0.171	0.026	0.000	0.000
airport-milan-1172-44887	airport	airport	0.639	0.000	0.000	0.001	0.000	0.008	0.270	0.082	0.001	0.000
airport-milan-1172-44925	street_pedestrian	airport	0.060	0.000	0.000	0.000	0.000	0.017	0.324	0.598	0.001	0.000
airport-milan-1172-45028	shopping_mall	airport	0.087	0.000	0.000	0.002	0.000	0.005	0.701	0.204	0.001	0.000
airport-milan-1172-45082	shopping_mall	airport	0.049	0.000	0.000	0.001	0.000	0.000	0.948	0.002	0.000	0.000
airport-milan-1172-45119	street_pedestrian	airport	0.037	0.000	0.000	0.000	0.000	0.128	0.271	0.561	0.003	0.000
airport-milan-1172-45165	street_pedestrian	airport	0.297	0.000	0.000	0.000	0.000	0.044	0.321	0.336	0.001	0.000
airport-milan-1172-45190	street_pedestrian	airport	0.046	0.000	0.000	0.000	0.000	0.054	0.059	0.840	0.001	0.000
airport-milan-1172-45214	airport	airport	0.429	0.000	0.000	0.001	0.000	0.026	0.323	0.219	0.001	0.000
airport-milan-1172-45225	street_pedestrian	airport	0.032	0.000	0.000	0.000	0.000	0.105	0.283	0.576	0.003	0.000
airport-milan-1172-45261	airport	airport	0.863	0.000	0.000	0.001	0.000	0.002	0.108	0.026	0.000	0.000
airport-milan-1172-45320	street_pedestrian	airport	0.065	0.000	0.000	0.000	0.000	0.025	0.318	0.591	0.001	0.000
airport-milan-1172-45327	shopping_mall	airport	0.026	0.000	0.000	0.004	0.000	0.000	0.962	0.007	0.000	0.000
airport-milan-1172-45355	airport	airport	0.872	0.000	0.000	0.000	0.000	0.001	0.099	0.027	0.000	0.000
airport-milan-1172-45409	shopping_mall	airport	0.007	0.000	0.005	0.278	0.000	0.000	0.704	0.002	0.002	0.001
airport-milan-1172-45420	shopping_mall	airport	0.237	0.000	0.000	0.001	0.000	0.006	0.656	0.100	0.001	0.000
airport-milan-1172-45490	shopping_mall	airport	0.105	0.000	0.000	0.001	0.000	0.004	0.702	0.186	0.001	0.000
airport-milan-1172-45505	shopping_mall	airport	0.329	0.000	0.000	0.000	0.000	0.008	0.463	0.198	0.000	0.000
airport-milan-1172-45645	airport	airport	0.847	0.000	0.000	0.000	0.000	0.003	0.122	0.027	0.000	0.000
airport-milan-1172-45710	shopping_mall	airport	0.428	0.000	0.000	0.001	0.000	0.002	0.536	0.032	0.000	0.000
airport-milan-1172-45738	street_pedestrian	airport	0.075	0.000	0.000	0.000	0.000	0.011	0.439	0.474	0.001	0.000
airport-paris-206-6237	airport	airport	0.661	0.000	0.002	0.272	0.000	0.000	0.054	0.009	0.000	0.002
airport-paris-206-6238	airport	airport	0.596	0.000	0.004	0.336	0.000	0.002	0.035	0.023	0.001	0.003
airport-paris-206-6239	metro_station	airport	0.063	0.001	0.017	0.879	0.000	0.001	0.026	0.003	0.001	0.009
airport-paris-206-6240	airport	airport	0.437	0.000	0.004	0.405	0.000	0.001	0.127	0.022	0.001	0.003
airport-paris-206-6241	metro_station	airport	0.001	0.000	0.005	0.989	0.000	0.000	0.001	0.000	0.000	0.004
airport-paris-206-6242	metro_station	airport	0.062	0.001	0.017	0.888	0.000	0.000	0.022	0.003	0.001	0.006
airport-paris-206-6243	metro_station	airport	0.362	0.000	0.005	0.511	0.000	0.003	0.080	0.030	0.002	0.007
airport-paris-206-6244	metro_station	airport	0.002	0.000	0.004	0.989	0.000	0.000	0.003	0.000	0.000	0.002
airport-paris-206-6245	metro_station	airport	0.232	0.003	0.022	0.663	0.001	0.003	0.048	0.012	0.003	0.013
airport-paris-206-6246	airport	airport	0.699	0.000	0.002	0.178	0.000	0.001	0.077	0.038	0.000	0.004
airport-paris-206-6247	street_traffic	airport	0.023	0.010	0.016	0.302	0.003	0.085	0.019	0.024	0.504	0.015
airport-paris-206-6248	metro_station	airport	0.042	0.000	0.006	0.903	0.000	0.000	0.044	0.002	0.000	0.002
airport-paris-206-6249	metro_station	airport	0.053	0.002	0.010	0.857	0.000	0.009	0.018	0.015	0.026	0.008
airport-paris-206-6250	metro_station	airport	0.002	0.000	0.004	0.991	0.000	0.000	0.002	0.000	0.000	0.001
airport-paris-206-6251	metro_station	airport	0.006	0.000	0.008	0.977	0.000	0.000	0.002	0.002	0.001	0.004
airport-paris-206-6252	metro_station	airport	0.007	0.000	0.013	0.962	0.000	0.000	0.011	0.000	0.000	0.004
airport-paris-206-6253	metro_station	airport	0.003	0.000	0.003	0.988	0.000	0.000	0.003	0.001	0.000	0.002
airport-paris-206-6254	metro_station	airport	0.231	0.000	0.010	0.653	0.000	0.001	0.091	0.008	0.001	0.005
airport-paris-206-6255	metro_station	airport	0.105	0.007	0.016	0.566	0.002	0.083	0.035	0.064	0.104	0.018
airport-paris-206-6256	metro_station	airport	0.017	0.008	0.020	0.647	0.001	0.022	0.015	0.008	0.248	0.014
airport-paris-206-6257	metro_station	airport	0.010	0.000	0.003	0.975	0.000	0.000	0.004	0.002	0.000	0.004
airport-paris-206-6258	metro_station	airport	0.221	0.000	0.005	0.729	0.000	0.001	0.025	0.013	0.001	0.004
airport-paris-206-6259	metro_station	airport	0.030	0.003	0.017	0.797	0.001	0.017	0.030	0.015	0.081	0.010
airport-paris-206-6260	metro_station	airport	0.336	0.002	0.009	0.451	0.001	0.030	0.044	0.099	0.013	0.015
airport-paris-206-6261	metro_station	airport	0.002	0.001	0.012	0.970	0.000	0.001	0.002	0.001	0.003	0.009
airport-paris-206-6262	metro_station	airport	0.001	0.000	0.003	0.995	0.000	0.000	0.001	0.000	0.000	0.001
airport-paris-206-6263	metro_station	airport	0.001	0.002	0.040	0.922	0.000	0.001	0.001	0.001	0.005	0.027
airport-paris-206-6264	airport	airport	0.427	0.003	0.009	0.372	0.001	0.022	0.024	0.113	0.007	0.022
airport-paris-206-6265	airport	airport	0.613	0.000	0.002	0.221	0.000	0.007	0.068	0.084	0.003	0.003
airport-paris-206-6266	metro_station	airport	0.003	0.000	0.009	0.979	0.000	0.000	0.001	0.001	0.001	0.005
airport-paris-206-6267	street_traffic	airport	0.012	0.008	0.018	0.448	0.002	0.028	0.011	0.008	0.456	0.009
airport-paris-206-6268	metro_station	airport	0.001	0.000	0.005	0.987	0.000	0.000	0.002	0.000	0.001	0.004
airport-paris-206-6269	metro_station	airport	0.011	0.000	0.008	0.952	0.000	0.004	0.003	0.007	0.008	0.007
airport-paris-206-6270	metro_station	airport	0.001	0.002	0.068	0.893	0.000	0.000	0.001	0.001	0.002	0.031
airport-paris-206-6271	street_traffic	airport	0.005	0.004	0.006	0.099	0.002	0.046	0.004	0.007	0.821	0.005
airport-paris-206-6272	metro_station	airport	0.016	0.000	0.006	0.960	0.000	0.000	0.016	0.001	0.000	0.002
airport-paris-206-6273	metro_station	airport	0.001	0.000	0.003	0.994	0.000	0.000	0.002	0.000	0.000	0.001
airport-paris-206-6274	metro_station	airport	0.004	0.000	0.037	0.925	0.000	0.000	0.003	0.003	0.001	0.027
airport-paris-206-6275	airport	airport	0.815	0.000	0.000	0.032	0.000	0.003	0.090	0.057	0.001	0.001
airport-paris-206-6276	metro_station	airport	0.007	0.000	0.010	0.965	0.000	0.000	0.002	0.002	0.000	0.013
airport-paris-206-6277	metro_station	airport	0.001	0.000	0.005	0.992	0.000	0.000	0.001	0.000	0.000	0.002
airport-paris-206-6278	metro_station	airport	0.105	0.005	0.017	0.700	0.001	0.027	0.044	0.028	0.058	0.016
airport-paris-206-6279	metro_station	airport	0.014	0.000	0.015	0.951	0.000	0.000	0.012	0.001	0.000	0.006
airport-paris-206-6280	metro_station	airport	0.046	0.002	0.029	0.886	0.000	0.001	0.016	0.004	0.002	0.014
airport-paris-206-6281	airport	airport	0.525	0.001	0.004	0.207	0.000	0.019	0.069	0.157	0.005	0.011
airport-paris-206-6282	metro_station	airport	0.086	0.011	0.024	0.642	0.002	0.048	0.020	0.057	0.084	0.025
airport-prague-1173-44104	airport	airport	0.981	0.000	0.000	0.001	0.000	0.000	0.017	0.001	0.000	0.000
airport-prague-1173-44309	airport	airport	0.976	0.000	0.000	0.001	0.000	0.000	0.020	0.002	0.000	0.000
airport-prague-1173-44354	airport	airport	0.986	0.000	0.000	0.000	0.000	0.000	0.012	0.001	0.000	0.000
airport-prague-1173-44397	airport	airport	0.980	0.000	0.000	0.002	0.000	0.000	0.018	0.000	0.000	0.000
airport-prague-1173-44425	airport	airport	0.944	0.000	0.000	0.002	0.000	0.000	0.052	0.003	0.000	0.000
airport-prague-1173-44592	airport	airport	0.941	0.000	0.000	0.001	0.000	0.000	0.056	0.002	0.000	0.000
airport-prague-1173-44620	airport	airport	0.975	0.000	0.000	0.001	0.000	0.000	0.023	0.000	0.000	0.000
airport-prague-1173-44705	airport	airport	0.913	0.000	0.000	0.005	0.000	0.000	0.079	0.002	0.000	0.000
airport-prague-1173-44800	airport	airport	0.971	0.000	0.000	0.000	0.000	0.000	0.028	0.001	0.000	0.000
airport-prague-1173-44812	airport	airport	0.966	0.000	0.000	0.001	0.000	0.000	0.032	0.001	0.000	0.000
airport-prague-1173-44843	airport	airport	0.949	0.000	0.000	0.001	0.000	0.000	0.048	0.001	0.000	0.000
airport-prague-1173-44938	airport	airport	0.954	0.000	0.000	0.004	0.000	0.000	0.040	0.002	0.000	0.000
airport-prague-1173-44997	airport	airport	0.990	0.000	0.000	0.000	0.000	0.000	0.009	0.000	0.000	0.000
airport-prague-1173-45032	airport	airport	0.983	0.000	0.000	0.001	0.000	0.000	0.015	0.001	0.000	0.000
airport-prague-1173-45158	airport	airport	0.677	0.000	0.000	0.002	0.000	0.000	0.316	0.005	0.000	0.000
airport-prague-1173-45201	airport	airport	0.987	0.000	0.000	0.001	0.000	0.000	0.011	0.001	0.000	0.000
airport-prague-1173-45299	airport	airport	0.986	0.000	0.000	0.000	0.000	0.000	0.013	0.001	0.000	0.000
airport-prague-1173-45336	airport	airport	0.988	0.000	0.000	0.000	0.000	0.000	0.011	0.001	0.000	0.000
airport-prague-1173-45405	airport	airport	0.981	0.000	0.000	0.001	0.000	0.000	0.017	0.001	0.000	0.000
airport-prague-1173-45485	airport	airport	0.984	0.000	0.000	0.000	0.000	0.000	0.015	0.001	0.000	0.000
airport-prague-1173-45640	airport	airport	0.977	0.000	0.000	0.001	0.000	0.000	0.022	0.001	0.000	0.000
airport-prague-1173-45679	airport	airport	0.923	0.000	0.000	0.001	0.000	0.000	0.075	0.001	0.000	0.000
airport-prague-1173-45722	airport	airport	0.988	0.000	0.000	0.000	0.000	0.000	0.011	0.001	0.000	0.000
airport-prague-1173-45742	airport	airport	0.980	0.000	0.000	0.000	0.000	0.000	0.019	0.001	0.000	0.000
airport-prague-1195-44142	airport	airport	0.966	0.000	0.000	0.000	0.000	0.000	0.032	0.002	0.000	0.000
airport-prague-1195-44149	airport	airport	0.570	0.000	0.000	0.001	0.000	0.001	0.375	0.053	0.000	0.000
airport-prague-1195-44169	shopping_mall	airport	0.298	0.000	0.000	0.005	0.000	0.000	0.695	0.001	0.000	0.000
airport-prague-1195-44218	airport	airport	0.535	0.000	0.000	0.001	0.000	0.000	0.441	0.022	0.000	0.000
airport-prague-1195-44333	shopping_mall	airport	0.074	0.000	0.000	0.001	0.000	0.000	0.908	0.016	0.000	0.000
airport-prague-1195-44426	airport	airport	0.927	0.000	0.000	0.003	0.000	0.000	0.069	0.001	0.000	0.000
airport-prague-1195-44435	airport	airport	0.782	0.000	0.000	0.004	0.000	0.000	0.212	0.002	0.000	0.000
airport-prague-1195-44824	airport	airport	0.966	0.000	0.000	0.000	0.000	0.001	0.028	0.005	0.000	0.000
airport-prague-1195-44928	airport	airport	0.531	0.000	0.000	0.002	0.000	0.000	0.439	0.028	0.000	0.000
airport-prague-1195-44947	airport	airport	0.961	0.000	0.000	0.001	0.000	0.000	0.034	0.004	0.000	0.000
airport-prague-1195-45063	airport	airport	0.887	0.000	0.000	0.002	0.000	0.000	0.110	0.001	0.000	0.000
airport-prague-1195-45065	shopping_mall	airport	0.200	0.000	0.000	0.003	0.000	0.000	0.795	0.002	0.000	0.000
airport-prague-1195-45096	airport	airport	0.899	0.000	0.000	0.001	0.000	0.000	0.095	0.005	0.000	0.000
airport-prague-1195-45109	airport	airport	0.945	0.000	0.000	0.001	0.000	0.002	0.038	0.015	0.000	0.000
airport-prague-1195-45260	airport	airport	0.747	0.000	0.000	0.001	0.000	0.000	0.244	0.008	0.000	0.000
airport-prague-1195-45265	airport	airport	0.513	0.000	0.000	0.001	0.000	0.000	0.472	0.013	0.000	0.000
airport-prague-1195-45312	airport	airport	0.717	0.000	0.000	0.001	0.000	0.001	0.252	0.029	0.000	0.000
airport-prague-1195-45537	airport	airport	0.833	0.000	0.000	0.008	0.000	0.000	0.156	0.001	0.000	0.000
airport-prague-1195-45597	shopping_mall	airport	0.404	0.000	0.000	0.001	0.000	0.001	0.563	0.030	0.000	0.000
airport-prague-1195-45657	airport	airport	0.860	0.000	0.000	0.001	0.000	0.001	0.102	0.036	0.000	0.000
airport-prague-1195-45704	airport	airport	0.583	0.000	0.000	0.001	0.000	0.001	0.385	0.030	0.000	0.000
airport-prague-1195-45749	airport	airport	0.986	0.000	0.000	0.000	0.000	0.000	0.012	0.001	0.000	0.000
airport-prague-1195-45752	airport	airport	0.699	0.000	0.000	0.001	0.000	0.001	0.250	0.049	0.000	0.000
airport-prague-1195-45754	airport	airport	0.885	0.000	0.000	0.003	0.000	0.000	0.110	0.002	0.000	0.000
airport-stockholm-208-6315	metro_station	airport	0.096	0.000	0.003	0.806	0.000	0.000	0.093	0.002	0.000	0.000
airport-stockholm-208-6316	shopping_mall	airport	0.191	0.000	0.004	0.057	0.000	0.000	0.747	0.002	0.000	0.000
airport-stockholm-208-6317	airport	airport	0.527	0.000	0.012	0.262	0.000	0.001	0.180	0.017	0.000	0.001
airport-stockholm-208-6318	shopping_mall	airport	0.412	0.000	0.002	0.144	0.000	0.000	0.440	0.001	0.000	0.000
airport-stockholm-208-6319	metro_station	airport	0.130	0.000	0.004	0.676	0.000	0.000	0.189	0.001	0.000	0.000
airport-stockholm-208-6320	metro_station	airport	0.018	0.000	0.002	0.673	0.000	0.000	0.306	0.000	0.000	0.000
airport-stockholm-208-6321	shopping_mall	airport	0.293	0.000	0.005	0.146	0.000	0.000	0.551	0.004	0.000	0.000
airport-stockholm-208-6322	airport	airport	0.584	0.000	0.001	0.050	0.000	0.000	0.363	0.002	0.000	0.000
airport-stockholm-208-6323	airport	airport	0.454	0.000	0.006	0.147	0.000	0.000	0.389	0.004	0.000	0.000
airport-stockholm-208-6324	shopping_mall	airport	0.391	0.000	0.001	0.105	0.000	0.000	0.501	0.001	0.000	0.000
airport-stockholm-208-6325	airport	airport	0.546	0.000	0.001	0.033	0.000	0.000	0.417	0.002	0.000	0.000
airport-stockholm-208-6326	shopping_mall	airport	0.442	0.000	0.002	0.082	0.000	0.000	0.473	0.002	0.000	0.000
airport-stockholm-208-6327	metro_station	airport	0.019	0.000	0.003	0.877	0.000	0.000	0.100	0.000	0.000	0.000
airport-stockholm-208-6328	airport	airport	0.399	0.000	0.002	0.240	0.000	0.000	0.358	0.001	0.000	0.000
airport-stockholm-208-6329	airport	airport	0.454	0.000	0.002	0.141	0.000	0.000	0.401	0.002	0.000	0.000
airport-stockholm-208-6330	shopping_mall	airport	0.380	0.000	0.002	0.163	0.000	0.000	0.453	0.002	0.000	0.000
airport-stockholm-208-6331	shopping_mall	airport	0.417	0.000	0.002	0.113	0.000	0.000	0.466	0.001	0.000	0.000
airport-stockholm-208-6332	shopping_mall	airport	0.325	0.000	0.002	0.171	0.000	0.000	0.500	0.001	0.000	0.000
airport-stockholm-208-6333	airport	airport	0.563	0.000	0.001	0.071	0.000	0.000	0.362	0.002	0.000	0.000
airport-stockholm-208-6334	airport	airport	0.544	0.000	0.002	0.111	0.000	0.000	0.340	0.002	0.000	0.000
airport-stockholm-208-6335	shopping_mall	airport	0.379	0.000	0.004	0.218	0.000	0.000	0.397	0.002	0.000	0.000
airport-stockholm-208-6336	metro_station	airport	0.336	0.000	0.002	0.439	0.000	0.000	0.217	0.004	0.000	0.000
airport-stockholm-208-6337	metro_station	airport	0.315	0.000	0.004	0.547	0.000	0.000	0.129	0.004	0.000	0.001
airport-stockholm-208-6338	airport	airport	0.488	0.000	0.003	0.081	0.000	0.000	0.427	0.002	0.000	0.000
airport-stockholm-208-6339	metro_station	airport	0.370	0.000	0.020	0.486	0.000	0.000	0.115	0.007	0.000	0.001
airport-stockholm-208-6340	airport	airport	0.769	0.000	0.000	0.029	0.000	0.000	0.199	0.002	0.000	0.000
airport-stockholm-208-6341	airport	airport	0.493	0.000	0.002	0.091	0.000	0.000	0.411	0.002	0.000	0.000
airport-stockholm-208-6342	airport	airport	0.470	0.000	0.004	0.085	0.000	0.000	0.438	0.002	0.000	0.000
airport-stockholm-208-6343	metro_station	airport	0.291	0.000	0.004	0.525	0.000	0.000	0.177	0.002	0.000	0.000
airport-stockholm-208-6344	metro_station	airport	0.008	0.000	0.002	0.861	0.000	0.000	0.128	0.000	0.000	0.000
airport-stockholm-208-6345	metro_station	airport	0.027	0.000	0.002	0.819	0.000	0.000	0.151	0.000	0.000	0.000
airport-stockholm-208-6346	airport	airport	0.478	0.000	0.001	0.059	0.000	0.000	0.460	0.002	0.000	0.000
bus-barcelona-210-6387	tram	bus	0.000	0.404	0.009	0.000	0.000	0.000	0.000	0.000	0.000	0.586
bus-barcelona-210-6388	bus	bus	0.000	0.829	0.005	0.000	0.000	0.000	0.000	0.000	0.000	0.166
bus-barcelona-210-6389	bus	bus	0.000	0.920	0.002	0.000	0.000	0.000	0.000	0.000	0.000	0.078
bus-barcelona-210-6390	bus	bus	0.000	0.954	0.001	0.000	0.000	0.000	0.000	0.000	0.000	0.045
bus-barcelona-210-6391	bus	bus	0.000	0.749	0.031	0.001	0.000	0.000	0.000	0.000	0.000	0.218
bus-barcelona-210-6392	bus	bus	0.000	0.959	0.008	0.000	0.000	0.000	0.000	0.000	0.000	0.033
bus-barcelona-210-6393	bus	bus	0.000	0.680	0.133	0.002	0.000	0.000	0.001	0.000	0.001	0.182
bus-barcelona-210-6394	bus	bus	0.001	0.605	0.130	0.003	0.001	0.001	0.001	0.000	0.002	0.256
bus-barcelona-210-6395	bus	bus	0.000	0.982	0.001	0.000	0.000	0.000	0.000	0.000	0.000	0.017
bus-barcelona-210-6396	bus	bus	0.000	0.805	0.013	0.000	0.000	0.000	0.000	0.000	0.000	0.181
bus-barcelona-210-6397	bus	bus	0.000	0.970	0.003	0.000	0.000	0.000	0.000	0.000	0.000	0.026
bus-barcelona-210-6398	bus	bus	0.000	0.681	0.004	0.000	0.000	0.000	0.000	0.000	0.000	0.314
bus-barcelona-210-6399	bus	bus	0.000	0.686	0.025	0.001	0.000	0.000	0.000	0.000	0.000	0.286
bus-barcelona-210-6400	bus	bus	0.000	0.860	0.005	0.000	0.000	0.000	0.000	0.000	0.000	0.135
bus-barcelona-210-6401	bus	bus	0.000	0.611	0.127	0.003	0.001	0.000	0.001	0.000	0.001	0.255
bus-barcelona-210-6402	bus	bus	0.000	0.919	0.008	0.000	0.000	0.000	0.000	0.000	0.000	0.072
bus-barcelona-210-6403	bus	bus	0.000	0.853	0.017	0.001	0.000	0.000	0.000	0.000	0.000	0.128
bus-barcelona-210-6404	bus	bus	0.000	0.828	0.007	0.000	0.000	0.000	0.000	0.000	0.000	0.164
bus-barcelona-210-6405	bus	bus	0.000	0.710	0.006	0.000	0.000	0.000	0.000	0.000	0.000	0.283
bus-barcelona-210-6406	bus	bus	0.000	0.800	0.040	0.001	0.000	0.000	0.000	0.000	0.000	0.158
bus-barcelona-210-6407	bus	bus	0.000	0.727	0.004	0.000	0.000	0.000	0.000	0.000	0.000	0.270
bus-barcelona-210-6408	bus	bus	0.000	0.703	0.023	0.000	0.000	0.000	0.000	0.000	0.000	0.272
bus-barcelona-210-6409	bus	bus	0.000	0.937	0.021	0.000	0.000	0.000	0.000	0.000	0.000	0.040
bus-barcelona-210-6410	bus	bus	0.000	0.911	0.001	0.000	0.000	0.000	0.000	0.000	0.000	0.087
bus-barcelona-210-6411	tram	bus	0.000	0.437	0.010	0.000	0.000	0.000	0.000	0.000	0.000	0.552
bus-barcelona-210-6412	bus	bus	0.000	0.520	0.050	0.001	0.000	0.000	0.000	0.000	0.000	0.428
bus-barcelona-210-6413	bus	bus	0.000	0.919	0.004	0.000	0.000	0.000	0.000	0.000	0.000	0.077
bus-barcelona-210-6414	bus	bus	0.000	0.962	0.002	0.000	0.000	0.000	0.000	0.000	0.000	0.035
bus-barcelona-210-6415	bus	bus	0.000	0.962	0.003	0.000	0.000	0.000	0.000	0.000	0.000	0.035
bus-barcelona-210-6416	bus	bus	0.000	0.909	0.010	0.000	0.000	0.000	0.000	0.000	0.000	0.081
bus-barcelona-210-6417	bus	bus	0.000	0.974	0.002	0.000	0.000	0.000	0.000	0.000	0.000	0.024
bus-barcelona-210-6418	bus	bus	0.000	0.645	0.006	0.000	0.000	0.000	0.000	0.000	0.000	0.348
bus-barcelona-210-6419	bus	bus	0.000	0.813	0.005	0.000	0.000	0.000	0.000	0.000	0.000	0.182
bus-barcelona-210-6420	bus	bus	0.000	0.955	0.006	0.000	0.000	0.000	0.000	0.000	0.000	0.038
bus-barcelona-210-6421	bus	bus	0.000	0.986	0.004	0.000	0.000	0.000	0.000	0.000	0.000	0.010
bus-barcelona-210-6422	bus	bus	0.000	0.902	0.010	0.000	0.000	0.000	0.000	0.000	0.000	0.088
bus-helsinki-211-6424	bus	bus	0.000	0.974	0.011	0.001	0.000	0.000	0.000	0.000	0.001	0.012
bus-helsinki-211-6425	bus	bus	0.000	0.973	0.002	0.000	0.000	0.000	0.000	0.000	0.000	0.024
bus-helsinki-211-6426	bus	bus	0.000	0.995	0.001	0.000	0.000	0.000	0.000	0.000	0.000	0.003
bus-helsinki-211-6427	bus	bus	0.000	0.947	0.008	0.000	0.000	0.000	0.000	0.000	0.000	0.044
bus-helsinki-211-6428	bus	bus	0.001	0.947	0.025	0.002	0.000	0.001	0.002	0.000	0.009	0.014
bus-helsinki-211-6429	bus	bus	0.000	0.916	0.030	0.001	0.000	0.000	0.001	0.000	0.001	0.050
bus-helsinki-211-6430	bus	bus	0.000	0.997	0.000	0.000	0.000	0.000	0.000	0.000	0.000	0.002
bus-helsinki-211-6431	bus	bus	0.000	0.945	0.023	0.000	0.000	0.000	0.000	0.000	0.000	0.031
bus-helsinki-211-6433	bus	bus	0.000	0.996	0.001	0.000	0.000	0.000	0.000	0.000	0.000	0.003
bus-helsinki-211-6434	bus	bus	0.000	0.991	0.001	0.000	0.000	0.000	0.000	0.000	0.000	0.007
bus-helsinki-211-6435	bus	bus	0.000	0.987	0.004	0.001	0.000	0.000	0.000	0.000	0.001	0.005
bus-helsinki-211-6436	bus	bus	0.000	0.992	0.001	0.000	0.000	0.000	0.000	0.000	0.000	0.006
bus-helsinki-211-6437	bus	bus	0.000	0.720	0.081	0.001	0.000	0.000	0.001	0.000	0.001	0.196
bus-helsinki-211-6438	bus	bus	0.000	0.991	0.003	0.001	0.000	0.000	0.000	0.000	0.000	0.006
bus-helsinki-211-6439	bus	bus	0.000	0.659	0.032	0.001	0.001	0.001	0.001	0.000	0.002	0.303
bus-helsinki-211-6440	bus	bus	0.000	0.975	0.007	0.000	0.000	0.000	0.000	0.000	0.000	0.017
bus-helsinki-211-6442	bus	bus	0.000	0.949	0.025	0.003	0.000	0.001	0.002	0.000	0.007	0.013
bus-helsinki-211-6443	bus	bus	0.000	0.896	0.011	0.001	0.000	0.000	0.000	0.000	0.001	0.089
bus-helsinki-211-6444	bus	bus	0.000	0.990	0.002	0.000	0.000	0.000	0.000	0.000	0.000	0.007
bus-helsinki-211-6445	bus	bus	0.000	0.968	0.007	0.000	0.000	0.000	0.000	0.000	0.000	0.024
bus-helsinki-211-6448	bus	bus	0.000	0.930	0.025	0.001	0.000	0.000	0.000	0.000	0.001	0.042
bus-helsinki-211-6449	bus	bus	0.000	0.989	0.003	0.001	0.000	0.000	0.000	0.000	0.001	0.007
bus-helsinki-211-6450	bus	bus	0.000	0.883	0.011	0.001	0.000	0.000	0.000	0.000	0.001	0.104
bus-helsinki-211-6452	bus	bus	0.000	0.914	0.021	0.001	0.000	0.000	0.000	0.000	0.001	0.063
bus-helsinki-211-6453	bus	bus	0.000	0.997	0.001	0.000	0.000	0.000	0.000	0.000	0.000	0.002
bus-helsinki-211-6454	bus	bus	0.000	0.996	0.001	0.000	0.000	0.000	0.000	0.000	0.000	0.003
bus-helsinki-211-6455	bus	bus	0.000	0.998	0.001	0.000	0.000	0.000	0.000	0.000	0.000	0.002
bus-helsinki-211-6457	bus	bus	0.000	0.962	0.017	0.001	0.000	0.000	0.001	0.000	0.004	0.013
bus-helsinki-211-6458	bus	bus	0.000	0.993	0.001	0.000	0.000	0.000	0.000	0.000	0.000	0.005
bus-helsinki-211-6459	bus	bus	0.002	0.786	0.052	0.051	0.001	0.002	0.003	0.001	0.008	0.095
bus-helsinki-211-6460	bus	bus	0.000	0.911	0.008	0.000	0.000	0.000	0.000	0.000	0.000	0.079
bus-helsinki-211-6461	bus	bus	0.000	0.989	0.003	0.000	0.000	0.000	0.000	0.000	0.000	0.007
bus-helsinki-211-6464	bus	bus	0.000	0.998	0.001	0.000	0.000	0.000	0.000	0.000	0.000	0.002
bus-helsinki-211-6465	bus	bus	0.000	0.948	0.006	0.000	0.000	0.000	0.000	0.000	0.000	0.045
bus-helsinki-211-6466	bus	bus	0.000	0.993	0.001	0.000	0.000	0.000	0.000	0.000	0.000	0.006
bus-lisbon-1212-44206	bus	bus	0.000	0.780	0.007	0.001	0.000	0.000	0.000	0.000	0.000	0.211
bus-lisbon-1212-44271	bus	bus	0.000	0.993	0.001	0.000	0.000	0.000	0.000	0.000	0.000	0.005
bus-lisbon-1212-44366	bus	bus	0.000	0.969	0.005	0.001	0.000	0.000	0.000	0.000	0.001	0.023
bus-lisbon-1212-44406	bus	bus	0.000	0.893	0.010	0.001	0.000	0.000	0.000	0.000	0.001	0.094
bus-lisbon-1212-44414	bus	bus	0.000	0.868	0.007	0.001	0.000	0.000	0.000	0.000	0.000	0.123
bus-lisbon-1212-44463	bus	bus	0.000	0.987	0.002	0.000	0.000	0.000	0.000	0.000	0.000	0.011
bus-lisbon-1212-44498	bus	bus	0.000	0.971	0.005	0.000	0.000	0.000	0.000	0.000	0.001	0.023
bus-lisbon-1212-44531	bus	bus	0.000	0.982	0.002	0.000	0.000	0.000	0.000	0.000	0.000	0.016
bus-lisbon-1212-45080	bus	bus	0.000	0.974	0.002	0.000	0.000	0.000	0.000	0.000	0.000	0.023
bus-lisbon-1212-45457	bus	bus	0.000	0.851	0.011	0.001	0.000	0.000	0.001	0.000	0.000	0.135
bus-lisbon-1212-45534	bus	bus	0.000	0.665	0.007	0.001	0.000	0.000	0.000	0.000	0.000	0.327
bus-lisbon-1212-45548	bus	bus	0.001	0.931	0.012	0.001	0.000	0.001	0.002	0.000	0.003	0.048
bus-lisbon-1212-45601	bus	bus	0.001	0.905	0.016	0.002	0.001	0.001	0.003	0.001	0.002	0.069
bus-lisbon-1212-45715	bus	bus	0.000	0.840	0.008	0.001	0.000	0.000	0.000	0.000	0.000	0.150
bus-lisbon-1223-44393	bus	bus	0.000	0.961	0.014	0.000	0.000	0.000	0.000	0.000	0.000	0.023
bus-lisbon-1223-44407	bus	bus	0.000	0.987	0.006	0.000	0.000	0.000	0.000	0.000	0.000	0.006
bus-lisbon-1223-44429	bus	bus	0.000	0.909	0.028	0.001	0.000	0.000	0.000	0.000	0.000	0.061
bus-lisbon-1223-44483	bus	bus	0.000	0.770	0.133	0.002	0.000	0.000	0.000	0.000	0.000	0.094
bus-lisbon-1223-44593	bus	bus	0.000	0.993	0.002	0.000	0.000	0.000	0.000	0.000	0.000	0.005
bus-lisbon-1223-44619	bus	bus	0.000	0.987	0.007	0.000	0.000	0.000	0.000	0.000	0.000	0.006
bus-lisbon-1223-44695	bus	bus	0.000	0.926	0.036	0.001	0.000	0.000	0.000	0.000	0.000	0.036
bus-lisbon-1223-44799	bus	bus	0.000	0.992	0.003	0.000	0.000	0.000	0.000	0.000	0.000	0.005
bus-lisbon-1223-45057	bus	bus	0.000	0.943	0.018	0.000	0.000	0.000	0.000	0.000	0.000	0.038
bus-lisbon-1223-45220	bus	bus	0.000	0.949	0.022	0.001	0.000	0.000	0.000	0.000	0.000	0.027
bus-lisbon-1223-45244	bus	bus	0.000	0.845	0.104	0.001	0.000	0.000	0.000	0.000	0.000	0.048
bus-lisbon-1223-45639	bus	bus	0.000	0.809	0.086	0.002	0.000	0.000	0.000	0.000	0.000	0.102
bus-lisbon-1223-45689	bus	bus	0.000	0.742	0.093	0.001	0.000	0.000	0.000	0.000	0.001	0.162
bus-lisbon-1226-44491	bus	bus	0.000	0.664	0.006	0.000	0.000	0.000	0.000	0.000	0.000	0.329
bus-lisbon-1226-44523	bus	bus	0.000	0.590	0.007	0.000	0.000	0.000	0.000	0.000	0.000	0.402
bus-lisbon-1226-44601	bus	bus	0.000	0.898	0.003	0.000	0.000	0.000	0.000	0.000	0.000	0.099
bus-lisbon-1226-44607	bus	bus	0.000	0.923	0.001	0.000	0.000	0.000	0.000	0.000	0.000	0.075
bus-lisbon-1226-44871	bus	bus	0.000	0.954	0.001	0.000	0.000	0.000	0.000	0.000	0.000	0.044
bus-lisbon-1226-45035	bus	bus	0.000	0.906	0.002	0.000	0.000	0.000	0.000	0.000	0.000	0.092
bus-lisbon-1226-45078	tram	bus	0.000	0.473	0.008	0.000	0.000	0.000	0.000	0.000	0.000	0.518
bus-lisbon-1226-45085	tram	bus	0.000	0.284	0.175	0.001	0.000	0.000	0.000	0.000	0.000	0.539
bus-lisbon-1226-45095	bus	bus	0.000	0.643	0.029	0.000	0.000	0.000	0.000	0.000	0.000	0.328
bus-lisbon-1226-45100	bus	bus	0.000	0.914	0.002	0.000	0.000	0.000	0.000	0.000	0.000	0.084
bus-lisbon-1226-45496	tram	bus	0.000	0.287	0.021	0.001	0.000	0.000	0.000	0.000	0.000	0.690
bus-lisbon-1226-45544	tram	bus	0.000	0.074	0.174	0.001	0.000	0.000	0.000	0.000	0.000	0.751
bus-lisbon-1226-45632	tram	bus	0.000	0.493	0.010	0.000	0.000	0.000	0.000	0.000	0.000	0.496
bus-lisbon-1226-45756	bus	bus	0.000	0.895	0.002	0.000	0.000	0.000	0.000	0.000	0.000	0.103
bus-lyon-1177-44109	bus	bus	0.000	0.987	0.002	0.000	0.000	0.000	0.000	0.000	0.000	0.011
bus-lyon-1177-44129	bus	bus	0.000	0.991	0.001	0.000	0.000	0.000	0.000	0.000	0.000	0.009
bus-lyon-1177-44159	bus	bus	0.000	0.990	0.003	0.000	0.000	0.000	0.000	0.000	0.000	0.007
bus-lyon-1177-44178	bus	bus	0.000	0.996	0.001	0.000	0.000	0.000	0.000	0.000	0.000	0.003
